Wavelength,V
390,4.14616E-04
390,4.22728E-04
390,4.30990E-04
390,4.39407E-04
390,4.47979E-04
390,4.56710E-04
391,4.65602E-04
391,4.74658E-04
391,4.83880E-04
391,4.93271E-04
391,5.02833E-04
391,5.12570E-04
391,5.22484E-04
391,5.32577E-04
391,5.42853E-04
392,5.53314E-04
392,5.63964E-04
392,5.74804E-04
392,5.85838E-04
392,5.97069E-04
392,6.08499E-04
392,6.20132E-04
392,6.31971E-04
392,6.44018E-04
392,6.56276E-04
392,6.68750E-04
393,6.81441E-04
393,6.94352E-04
393,7.07488E-04
393,7.20851E-04
393,7.34444E-04
393,7.48270E-04
393,7.62333E-04
393,7.76635E-04
393,7.91180E-04
394,8.05972E-04
394,8.21013E-04
394,8.36307E-04
394,8.51857E-04
394,8.67667E-04
394,8.83739E-04
394,9.00077E-04
394,9.16685E-04
394,9.33565E-04
394,9.50721E-04
394,9.68157E-04
395,9.85875E-04
395,1.00388E-03
395,1.02217E-03
395,1.04076E-03
395,1.05965E-03
395,1.07883E-03
395,1.09832E-03
395,1.11811E-03
395,1.13821E-03
396,1.15863E-03
396,1.17936E-03
396,1.20042E-03
396,1.22179E-03
396,1.24350E-03
396,1.26553E-03
396,1.28790E-03
396,1.31060E-03
396,1.33365E-03
396,1.35704E-03
396,1.38077E-03
397,1.40485E-03
397,1.42929E-03
397,1.45409E-03
397,1.47924E-03
397,1.50475E-03
397,1.53063E-03
397,1.55688E-03
397,1.58350E-03
397,1.61050E-03
398,1.63787E-03
398,1.66562E-03
398,1.69376E-03
398,1.72228E-03
398,1.75119E-03
398,1.78049E-03
398,1.81019E-03
398,1.84028E-03
398,1.87077E-03
398,1.90166E-03
398,1.93296E-03
399,1.96466E-03
399,1.99677E-03
399,2.02929E-03
399,2.06222E-03
399,2.09557E-03
399,2.12933E-03
399,2.16352E-03
399,2.19812E-03
399,2.23314E-03
400,2.26858E-03
400,2.30445E-03
400,2.34075E-03
400,2.37747E-03
400,2.41462E-03
400,2.45219E-03
400,2.49020E-03
400,2.52864E-03
400,2.56752E-03
400,2.60684E-03
400,2.64660E-03
401,2.68681E-03
401,2.72748E-03
401,2.76859E-03
401,2.81017E-03
401,2.85222E-03
401,2.89473E-03
401,2.93771E-03
401,2.98117E-03
401,3.02511E-03
402,3.06954E-03
402,3.11446E-03
402,3.15987E-03
402,3.20578E-03
402,3.25219E-03
402,3.29912E-03
402,3.34655E-03
402,3.39451E-03
402,3.44299E-03
402,3.49200E-03
402,3.54154E-03
403,3.59162E-03
403,3.64225E-03
403,3.69343E-03
403,3.74517E-03
403,3.79747E-03
403,3.85033E-03
403,3.90378E-03
403,3.95780E-03
403,4.01241E-03
404,4.06761E-03
404,4.12342E-03
404,4.17983E-03
404,4.23685E-03
404,4.29450E-03
404,4.35277E-03
404,4.41168E-03
404,4.47123E-03
404,4.53143E-03
404,4.59229E-03
404,4.65381E-03
405,4.71601E-03
405,4.77889E-03
405,4.84247E-03
405,4.90674E-03
405,4.97172E-03
405,5.03741E-03
405,5.10382E-03
405,5.17096E-03
405,5.23881E-03
406,5.30738E-03
406,5.37667E-03
406,5.44668E-03
406,5.51741E-03
406,5.58885E-03
406,5.66101E-03
406,5.73389E-03
406,5.80748E-03
406,5.88179E-03
406,5.95680E-03
406,6.03252E-03
407,6.10895E-03
407,6.18607E-03
407,6.26389E-03
407,6.34241E-03
407,6.42161E-03
407,6.50150E-03
407,6.58207E-03
407,6.66331E-03
407,6.74522E-03
408,6.82779E-03
408,6.91101E-03
408,6.99489E-03
408,7.07940E-03
408,7.16454E-03
408,7.25031E-03
408,7.33670E-03
408,7.42369E-03
408,7.51127E-03
408,7.59945E-03
408,7.68820E-03
409,7.77751E-03
409,7.86738E-03
409,7.95778E-03
409,8.04872E-03
409,8.14017E-03
409,8.23213E-03
409,8.32457E-03
409,8.41749E-03
409,8.51086E-03
410,8.60468E-03
410,8.69893E-03
410,8.79359E-03
410,8.88864E-03
410,8.98407E-03
410,9.07986E-03
410,9.17599E-03
410,9.27246E-03
410,9.36926E-03
410,9.46640E-03
410,9.56386E-03
411,9.66166E-03
411,9.75978E-03
411,9.85822E-03
411,9.95699E-03
411,1.00561E-02
411,1.01555E-02
411,1.02552E-02
411,1.03553E-02
411,1.04556E-02
412,1.05563E-02
412,1.06573E-02
412,1.07587E-02
412,1.08603E-02
412,1.09623E-02
412,1.10646E-02
412,1.11672E-02
412,1.12701E-02
412,1.13733E-02
412,1.14769E-02
412,1.15808E-02
413,1.16850E-02
413,1.17896E-02
413,1.18944E-02
413,1.19997E-02
413,1.21052E-02
413,1.22111E-02
413,1.23174E-02
413,1.24239E-02
413,1.25309E-02
414,1.26382E-02
414,1.27458E-02
414,1.28539E-02
414,1.29622E-02
414,1.30710E-02
414,1.31801E-02
414,1.32897E-02
414,1.33996E-02
414,1.35099E-02
414,1.36206E-02
414,1.37317E-02
415,1.38433E-02
415,1.39552E-02
415,1.40676E-02
415,1.41805E-02
415,1.42938E-02
415,1.44075E-02
415,1.45217E-02
415,1.46363E-02
415,1.47514E-02
416,1.48668E-02
416,1.49827E-02
416,1.50990E-02
416,1.52156E-02
416,1.53327E-02
416,1.54500E-02
416,1.55678E-02
416,1.56858E-02
416,1.58042E-02
416,1.59229E-02
416,1.60419E-02
417,1.61612E-02
417,1.62808E-02
417,1.64006E-02
417,1.65206E-02
417,1.66409E-02
417,1.67614E-02
417,1.68821E-02
417,1.70030E-02
417,1.71241E-02
418,1.72453E-02
418,1.73666E-02
418,1.74881E-02
418,1.76096E-02
418,1.77313E-02
418,1.78530E-02
418,1.79748E-02
418,1.80966E-02
418,1.82184E-02
418,1.83403E-02
418,1.84621E-02
419,1.85838E-02
419,1.87056E-02
419,1.88272E-02
419,1.89488E-02
419,1.90702E-02
419,1.91915E-02
419,1.93126E-02
419,1.94336E-02
419,1.95544E-02
420,1.96749E-02
420,1.97952E-02
420,1.99153E-02
420,2.00351E-02
420,2.01545E-02
420,2.02737E-02
420,2.03925E-02
420,2.05110E-02
420,2.06291E-02
420,2.07470E-02
420,2.08645E-02
421,2.09817E-02
421,2.10987E-02
421,2.12154E-02
421,2.13318E-02
421,2.14481E-02
421,2.15640E-02
421,2.16798E-02
421,2.17954E-02
421,2.19108E-02
422,2.20260E-02
422,2.21411E-02
422,2.22561E-02
422,2.23709E-02
422,2.24857E-02
422,2.26004E-02
422,2.27151E-02
422,2.28297E-02
422,2.29443E-02
422,2.30589E-02
422,2.31735E-02
423,2.32882E-02
423,2.34029E-02
423,2.35178E-02
423,2.36328E-02
423,2.37479E-02
423,2.38632E-02
423,2.39786E-02
423,2.40943E-02
423,2.42103E-02
424,2.43265E-02
424,2.44430E-02
424,2.45598E-02
424,2.46770E-02
424,2.47945E-02
424,2.49125E-02
424,2.50309E-02
424,2.51497E-02
424,2.52691E-02
424,2.53890E-02
424,2.55094E-02
425,2.56304E-02
425,2.57521E-02
425,2.58744E-02
425,2.59973E-02
425,2.61211E-02
425,2.62455E-02
425,2.63707E-02
425,2.64967E-02
425,2.66234E-02
426,2.67509E-02
426,2.68791E-02
426,2.70080E-02
426,2.71377E-02
426,2.72681E-02
426,2.73992E-02
426,2.75311E-02
426,2.76637E-02
426,2.77970E-02
426,2.79310E-02
426,2.80657E-02
427,2.82012E-02
427,2.83373E-02
427,2.84742E-02
427,2.86117E-02
427,2.87499E-02
427,2.88888E-02
427,2.90284E-02
427,2.91687E-02
427,2.93096E-02
428,2.94513E-02
428,2.95935E-02
428,2.97364E-02
428,2.98800E-02
428,3.00242E-02
428,3.01691E-02
428,3.03146E-02
428,3.04607E-02
428,3.06074E-02
428,3.07548E-02
428,3.09028E-02
429,3.10513E-02
429,3.12005E-02
429,3.13502E-02
429,3.15005E-02
429,3.16514E-02
429,3.18029E-02
429,3.19549E-02
429,3.21075E-02
429,3.22606E-02
430,3.24143E-02
430,3.25685E-02
430,3.27232E-02
430,3.28784E-02
430,3.30342E-02
430,3.31904E-02
430,3.33471E-02
430,3.35043E-02
430,3.36620E-02
430,3.38201E-02
430,3.39788E-02
431,3.41379E-02
431,3.42975E-02
431,3.44575E-02
431,3.46181E-02
431,3.47791E-02
431,3.49406E-02
431,3.51026E-02
431,3.52650E-02
431,3.54279E-02
432,3.55913E-02
432,3.57551E-02
432,3.59194E-02
432,3.60841E-02
432,3.62493E-02
432,3.64149E-02
432,3.65810E-02
432,3.67476E-02
432,3.69146E-02
432,3.70820E-02
432,3.72499E-02
433,3.74182E-02
433,3.75869E-02
433,3.77561E-02
433,3.79257E-02
433,3.80957E-02
433,3.82661E-02
433,3.84370E-02
433,3.86083E-02
433,3.87799E-02
434,3.89520E-02
434,3.91245E-02
434,3.92974E-02
434,3.94707E-02
434,3.96444E-02
434,3.98184E-02
434,3.99929E-02
434,4.01677E-02
434,4.03429E-02
434,4.05185E-02
434,4.06944E-02
435,4.08707E-02
435,4.10474E-02
435,4.12244E-02
435,4.14017E-02
435,4.15794E-02
435,4.17574E-02
435,4.19358E-02
435,4.21144E-02
435,4.22933E-02
436,4.24724E-02
436,4.26518E-02
436,4.28314E-02
436,4.30111E-02
436,4.31910E-02
436,4.33710E-02
436,4.35511E-02
436,4.37312E-02
436,4.39114E-02
436,4.40917E-02
436,4.42719E-02
437,4.44521E-02
437,4.46322E-02
437,4.48122E-02
437,4.49921E-02
437,4.51718E-02
437,4.53514E-02
437,4.55307E-02
437,4.57098E-02
437,4.58886E-02
438,4.60672E-02
438,4.62454E-02
438,4.64232E-02
438,4.66006E-02
438,4.67776E-02
438,4.69542E-02
438,4.71303E-02
438,4.73058E-02
438,4.74808E-02
438,4.76552E-02
438,4.78289E-02
439,4.80020E-02
439,4.81745E-02
439,4.83461E-02
439,4.85171E-02
439,4.86872E-02
439,4.88565E-02
439,4.90249E-02
439,4.91924E-02
439,4.93590E-02
440,4.95246E-02
440,4.96892E-02
440,4.98527E-02
440,5.00151E-02
440,5.01764E-02
440,5.03366E-02
440,5.04955E-02
440,5.06533E-02
440,5.08099E-02
440,5.09654E-02
440,5.11198E-02
441,5.12731E-02
441,5.14254E-02
441,5.15766E-02
441,5.17268E-02
441,5.18761E-02
441,5.20244E-02
441,5.21719E-02
441,5.23184E-02
441,5.24641E-02
442,5.26090E-02
442,5.27531E-02
442,5.28964E-02
442,5.30390E-02
442,5.31809E-02
442,5.33222E-02
442,5.34628E-02
442,5.36028E-02
442,5.37423E-02
442,5.38813E-02
442,5.40197E-02
443,5.41578E-02
443,5.42954E-02
443,5.44326E-02
443,5.45695E-02
443,5.47060E-02
443,5.48423E-02
443,5.49784E-02
443,5.51143E-02
443,5.52500E-02
444,5.53856E-02
444,5.55212E-02
444,5.56567E-02
444,5.57922E-02
444,5.59277E-02
444,5.60634E-02
444,5.61991E-02
444,5.63351E-02
444,5.64712E-02
444,5.66076E-02
444,5.67443E-02
445,5.68814E-02
445,5.70188E-02
445,5.71567E-02
445,5.72951E-02
445,5.74339E-02
445,5.75734E-02
445,5.77133E-02
445,5.78539E-02
445,5.79949E-02
446,5.81364E-02
446,5.82785E-02
446,5.84209E-02
446,5.85639E-02
446,5.87073E-02
446,5.88511E-02
446,5.89953E-02
446,5.91399E-02
446,5.92848E-02
446,5.94301E-02
446,5.95757E-02
447,5.97216E-02
447,5.98679E-02
447,6.00144E-02
447,6.01611E-02
447,6.03081E-02
447,6.04553E-02
447,6.06027E-02
447,6.07502E-02
447,6.08980E-02
448,6.10458E-02
448,6.11938E-02
448,6.13419E-02
448,6.14900E-02
448,6.16382E-02
448,6.17864E-02
448,6.19347E-02
448,6.20829E-02
448,6.22311E-02
448,6.23792E-02
448,6.25273E-02
449,6.26753E-02
449,6.28231E-02
449,6.29708E-02
449,6.31184E-02
449,6.32657E-02
449,6.34128E-02
449,6.35597E-02
449,6.37064E-02
449,6.38527E-02
450,6.39988E-02
450,6.41445E-02
450,6.42898E-02
450,6.44348E-02
450,6.45794E-02
450,6.47235E-02
450,6.48672E-02
450,6.50105E-02
450,6.51534E-02
450,6.52960E-02
450,6.54384E-02
451,6.55805E-02
451,6.57224E-02
451,6.58642E-02
451,6.60058E-02
451,6.61475E-02
451,6.62892E-02
451,6.64309E-02
451,6.65727E-02
451,6.67147E-02
452,6.68568E-02
452,6.69993E-02
452,6.71420E-02
452,6.72851E-02
452,6.74286E-02
452,6.75726E-02
452,6.77170E-02
452,6.78621E-02
452,6.80077E-02
452,6.81541E-02
452,6.83011E-02
453,6.84490E-02
453,6.85977E-02
453,6.87472E-02
453,6.88978E-02
453,6.90493E-02
453,6.92019E-02
453,6.93556E-02
453,6.95105E-02
453,6.96666E-02
454,6.98241E-02
454,6.99828E-02
454,7.01431E-02
454,7.03047E-02
454,7.04680E-02
454,7.06328E-02
454,7.07993E-02
454,7.09675E-02
454,7.11375E-02
454,7.13094E-02
454,7.14832E-02
455,7.16590E-02
455,7.18368E-02
455,7.20168E-02
455,7.21990E-02
455,7.23834E-02
455,7.25701E-02
455,7.27592E-02
455,7.29507E-02
455,7.31446E-02
456,7.33409E-02
456,7.35396E-02
456,7.37408E-02
456,7.39446E-02
456,7.41508E-02
456,7.43596E-02
456,7.45710E-02
456,7.47849E-02
456,7.50016E-02
456,7.52208E-02
456,7.54428E-02
457,7.56675E-02
457,7.58949E-02
457,7.61250E-02
457,7.63580E-02
457,7.65938E-02
457,7.68325E-02
457,7.70741E-02
457,7.73185E-02
457,7.75660E-02
458,7.78164E-02
458,7.80698E-02
458,7.83263E-02
458,7.85859E-02
458,7.88485E-02
458,7.91144E-02
458,7.93834E-02
458,7.96556E-02
458,7.99311E-02
458,8.02098E-02
458,8.04919E-02
459,8.07773E-02
459,8.10662E-02
459,8.13584E-02
459,8.16542E-02
459,8.19535E-02
459,8.22563E-02
459,8.25627E-02
459,8.28727E-02
459,8.31864E-02
460,8.35038E-02
460,8.38250E-02
460,8.41500E-02
460,8.44788E-02
460,8.48115E-02
460,8.51482E-02
460,8.54888E-02
460,8.58333E-02
460,8.61817E-02
460,8.65340E-02
460,8.68902E-02
461,8.72501E-02
461,8.76137E-02
461,8.79810E-02
461,8.83520E-02
461,8.87266E-02
461,8.91047E-02
461,8.94864E-02
461,8.98715E-02
461,9.02600E-02
462,9.06519E-02
462,9.10471E-02
462,9.14456E-02
462,9.18473E-02
462,9.22521E-02
462,9.26601E-02
462,9.30711E-02
462,9.34851E-02
462,9.39020E-02
462,9.43218E-02
462,9.47444E-02
463,9.51697E-02
463,9.55977E-02
463,9.60284E-02
463,9.64616E-02
463,9.68972E-02
463,9.73353E-02
463,9.77757E-02
463,9.82185E-02
463,9.86634E-02
464,9.91104E-02
464,9.95594E-02
464,1.00010E-01
464,1.00463E-01
464,1.00918E-01
464,1.01375E-01
464,1.01833E-01
464,1.02292E-01
464,1.02753E-01
464,1.03216E-01
464,1.03680E-01
465,1.04145E-01
465,1.04611E-01
465,1.05078E-01
465,1.05546E-01
465,1.06014E-01
465,1.06484E-01
465,1.06954E-01
465,1.07425E-01
465,1.07896E-01
466,1.08369E-01
466,1.08841E-01
466,1.09315E-01
466,1.09788E-01
466,1.10263E-01
466,1.10738E-01
466,1.11213E-01
466,1.11689E-01
466,1.12165E-01
466,1.12642E-01
466,1.13120E-01
467,1.13597E-01
467,1.14075E-01
467,1.14553E-01
467,1.15032E-01
467,1.15511E-01
467,1.15990E-01
467,1.16470E-01
467,1.16950E-01
467,1.17430E-01
468,1.17910E-01
468,1.18390E-01
468,1.18870E-01
468,1.19351E-01
468,1.19832E-01
468,1.20312E-01
468,1.20793E-01
468,1.21274E-01
468,1.21754E-01
468,1.22235E-01
468,1.22715E-01
469,1.23196E-01
469,1.23676E-01
469,1.24156E-01
469,1.24636E-01
469,1.25116E-01
469,1.25596E-01
469,1.26075E-01
469,1.26554E-01
469,1.27032E-01
470,1.27511E-01
470,1.27989E-01
470,1.28466E-01
470,1.28943E-01
470,1.29420E-01
470,1.29896E-01
470,1.30371E-01
470,1.30846E-01
470,1.31321E-01
470,1.31795E-01
470,1.32268E-01
471,1.32741E-01
471,1.33214E-01
471,1.33686E-01
471,1.34158E-01
471,1.34630E-01
471,1.35101E-01
471,1.35572E-01
471,1.36043E-01
471,1.36513E-01
472,1.36983E-01
472,1.37453E-01
472,1.37923E-01
472,1.38392E-01
472,1.38862E-01
472,1.39331E-01
472,1.39800E-01
472,1.40269E-01
472,1.40738E-01
472,1.41207E-01
472,1.41677E-01
473,1.42146E-01
473,1.42615E-01
473,1.43084E-01
473,1.43554E-01
473,1.44023E-01
473,1.44493E-01
473,1.44963E-01
473,1.45434E-01
473,1.45905E-01
474,1.46376E-01
474,1.46847E-01
474,1.47319E-01
474,1.47791E-01
474,1.48264E-01
474,1.48737E-01
474,1.49211E-01
474,1.49685E-01
474,1.50160E-01
474,1.50636E-01
474,1.51113E-01
475,1.51590E-01
475,1.52068E-01
475,1.52546E-01
475,1.53026E-01
475,1.53507E-01
475,1.53988E-01
475,1.54470E-01
475,1.54954E-01
475,1.55438E-01
476,1.55923E-01
476,1.56410E-01
476,1.56897E-01
476,1.57385E-01
476,1.57874E-01
476,1.58364E-01
476,1.58856E-01
476,1.59348E-01
476,1.59841E-01
476,1.60335E-01
476,1.60830E-01
477,1.61326E-01
477,1.61823E-01
477,1.62321E-01
477,1.62820E-01
477,1.63320E-01
477,1.63821E-01
477,1.64323E-01
477,1.64826E-01
477,1.65330E-01
478,1.65835E-01
478,1.66341E-01
478,1.66848E-01
478,1.67357E-01
478,1.67866E-01
478,1.68376E-01
478,1.68887E-01
478,1.69400E-01
478,1.69913E-01
478,1.70428E-01
478,1.70943E-01
479,1.71460E-01
479,1.71977E-01
479,1.72496E-01
479,1.73016E-01
479,1.73537E-01
479,1.74058E-01
479,1.74581E-01
479,1.75105E-01
479,1.75631E-01
480,1.76157E-01
480,1.76684E-01
480,1.77213E-01
480,1.77742E-01
480,1.78273E-01
480,1.78805E-01
480,1.79338E-01
480,1.79872E-01
480,1.80407E-01
480,1.80943E-01
480,1.81480E-01
481,1.82019E-01
481,1.82558E-01
481,1.83098E-01
481,1.83640E-01
481,1.84182E-01
481,1.84725E-01
481,1.85269E-01
481,1.85815E-01
481,1.86361E-01
482,1.86908E-01
482,1.87456E-01
482,1.88004E-01
482,1.88554E-01
482,1.89105E-01
482,1.89656E-01
482,1.90208E-01
482,1.90761E-01
482,1.91315E-01
482,1.91869E-01
482,1.92424E-01
483,1.92980E-01
483,1.93536E-01
483,1.94094E-01
483,1.94652E-01
483,1.95210E-01
483,1.95769E-01
483,1.96329E-01
483,1.96889E-01
483,1.97450E-01
484,1.98012E-01
484,1.98573E-01
484,1.99136E-01
484,1.99699E-01
484,2.00262E-01
484,2.00826E-01
484,2.01390E-01
484,2.01955E-01
484,2.02520E-01
484,2.03085E-01
484,2.03651E-01
485,2.04217E-01
485,2.04783E-01
485,2.05349E-01
485,2.05916E-01
485,2.06483E-01
485,2.07050E-01
485,2.07617E-01
485,2.08185E-01
485,2.08754E-01
486,2.09323E-01
486,2.09893E-01
486,2.10463E-01
486,2.11035E-01
486,2.11608E-01
486,2.12183E-01
486,2.12758E-01
486,2.13336E-01
486,2.13915E-01
486,2.14496E-01
486,2.15079E-01
487,2.15664E-01
487,2.16251E-01
487,2.16841E-01
487,2.17433E-01
487,2.18028E-01
487,2.18626E-01
487,2.19227E-01
487,2.19830E-01
487,2.20438E-01
488,2.21048E-01
488,2.21663E-01
488,2.22281E-01
488,2.22902E-01
488,2.23528E-01
488,2.24159E-01
488,2.24793E-01
488,2.25432E-01
488,2.26076E-01
488,2.26725E-01
488,2.27379E-01
489,2.28038E-01
489,2.28703E-01
489,2.29373E-01
489,2.30048E-01
489,2.30730E-01
489,2.31418E-01
489,2.32112E-01
489,2.32813E-01
489,2.33520E-01
490,2.34235E-01
490,2.34956E-01
490,2.35685E-01
490,2.36421E-01
490,2.37164E-01
490,2.37916E-01
490,2.38676E-01
490,2.39443E-01
490,2.40219E-01
490,2.41003E-01
490,2.41794E-01
491,2.42594E-01
491,2.43401E-01
491,2.44216E-01
491,2.45040E-01
491,2.45871E-01
491,2.46709E-01
491,2.47556E-01
491,2.48410E-01
491,2.49272E-01
492,2.50141E-01
492,2.51018E-01
492,2.51903E-01
492,2.52795E-01
492,2.53695E-01
492,2.54602E-01
492,2.55517E-01
492,2.56439E-01
492,2.57368E-01
492,2.58305E-01
492,2.59249E-01
493,2.60200E-01
493,2.61158E-01
493,2.62124E-01
493,2.63096E-01
493,2.64076E-01
493,2.65063E-01
493,2.66056E-01
493,2.67057E-01
493,2.68064E-01
494,2.69078E-01
494,2.70099E-01
494,2.71127E-01
494,2.72161E-01
494,2.73202E-01
494,2.74249E-01
494,2.75303E-01
494,2.76363E-01
494,2.77430E-01
494,2.78502E-01
494,2.79581E-01
495,2.80667E-01
495,2.81758E-01
495,2.82855E-01
495,2.83959E-01
495,2.85068E-01
495,2.86183E-01
495,2.87304E-01
495,2.88431E-01
495,2.89563E-01
496,2.90702E-01
496,2.91846E-01
496,2.92997E-01
496,2.94153E-01
496,2.95315E-01
496,2.96484E-01
496,2.97658E-01
496,2.98838E-01
496,3.00025E-01
496,3.01217E-01
496,3.02416E-01
497,3.03621E-01
497,3.04831E-01
497,3.06048E-01
497,3.07272E-01
497,3.08501E-01
497,3.09737E-01
497,3.10978E-01
497,3.12226E-01
497,3.13481E-01
498,3.14741E-01
498,3.16008E-01
498,3.17282E-01
498,3.18561E-01
498,3.19847E-01
498,3.21139E-01
498,3.22438E-01
498,3.23743E-01
498,3.25055E-01
498,3.26373E-01
498,3.27697E-01
499,3.29028E-01
499,3.30366E-01
499,3.31710E-01
499,3.33060E-01
499,3.34418E-01
499,3.35781E-01
499,3.37152E-01
499,3.38528E-01
499,3.39912E-01
500,3.41302E-01
500,3.42699E-01
500,3.44103E-01
500,3.45513E-01
500,3.46930E-01
500,3.48354E-01
500,3.49784E-01
500,3.51221E-01
500,3.52665E-01
500,3.54116E-01
500,3.55573E-01
501,3.57037E-01
501,3.58508E-01
501,3.59985E-01
501,3.61469E-01
501,3.62960E-01
501,3.64457E-01
501,3.65961E-01
501,3.67472E-01
501,3.68989E-01
502,3.70512E-01
502,3.72042E-01
502,3.73579E-01
502,3.75122E-01
502,3.76672E-01
502,3.78228E-01
502,3.79790E-01
502,3.81359E-01
502,3.82934E-01
502,3.84515E-01
502,3.86103E-01
503,3.87697E-01
503,3.89298E-01
503,3.90904E-01
503,3.92517E-01
503,3.94136E-01
503,3.95761E-01
503,3.97392E-01
503,3.99030E-01
503,4.00673E-01
504,4.02322E-01
504,4.03978E-01
504,4.05639E-01
504,4.07306E-01
504,4.08979E-01
504,4.10658E-01
504,4.12343E-01
504,4.14033E-01
504,4.15730E-01
504,4.17431E-01
504,4.19139E-01
505,4.20852E-01
505,4.22571E-01
505,4.24295E-01
505,4.26025E-01
505,4.27760E-01
505,4.29500E-01
505,4.31246E-01
505,4.32997E-01
505,4.34753E-01
506,4.36515E-01
506,4.38281E-01
506,4.40053E-01
506,4.41830E-01
506,4.43612E-01
506,4.45399E-01
506,4.47192E-01
506,4.48989E-01
506,4.50791E-01
506,4.52598E-01
506,4.54409E-01
507,4.56226E-01
507,4.58047E-01
507,4.59873E-01
507,4.61704E-01
507,4.63540E-01
507,4.65380E-01
507,4.67224E-01
507,4.69073E-01
507,4.70927E-01
508,4.72784E-01
508,4.74647E-01
508,4.76513E-01
508,4.78384E-01
508,4.80259E-01
508,4.82138E-01
508,4.84021E-01
508,4.85908E-01
508,4.87799E-01
508,4.89694E-01
508,4.91593E-01
509,4.93496E-01
509,4.95402E-01
509,4.97312E-01
509,4.99226E-01
509,5.01143E-01
509,5.03064E-01
509,5.04988E-01
509,5.06915E-01
509,5.08846E-01
510,5.10780E-01
510,5.12718E-01
510,5.14658E-01
510,5.16602E-01
510,5.18548E-01
510,5.20497E-01
510,5.22449E-01
510,5.24404E-01
510,5.26362E-01
510,5.28322E-01
510,5.30285E-01
511,5.32251E-01
511,5.34219E-01
511,5.36190E-01
511,5.38163E-01
511,5.40139E-01
511,5.42117E-01
511,5.44097E-01
511,5.46080E-01
511,5.48065E-01
512,5.50052E-01
512,5.52042E-01
512,5.54034E-01
512,5.56027E-01
512,5.58023E-01
512,5.60021E-01
512,5.62020E-01
512,5.64022E-01
512,5.66025E-01
512,5.68031E-01
512,5.70038E-01
513,5.72046E-01
513,5.74057E-01
513,5.76069E-01
513,5.78082E-01
513,5.80097E-01
513,5.82114E-01
513,5.84131E-01
513,5.86151E-01
513,5.88171E-01
514,5.90193E-01
514,5.92215E-01
514,5.94239E-01
514,5.96264E-01
514,5.98290E-01
514,6.00317E-01
514,6.02345E-01
514,6.04374E-01
514,6.06403E-01
514,6.08433E-01
514,6.10464E-01
515,6.12495E-01
515,6.14527E-01
515,6.16560E-01
515,6.18592E-01
515,6.20626E-01
515,6.22659E-01
515,6.24693E-01
515,6.26726E-01
515,6.28759E-01
516,6.30792E-01
516,6.32823E-01
516,6.34854E-01
516,6.36884E-01
516,6.38913E-01
516,6.40940E-01
516,6.42965E-01
516,6.44988E-01
516,6.47009E-01
516,6.49028E-01
516,6.51044E-01
517,6.53057E-01
517,6.55068E-01
517,6.57074E-01
517,6.59078E-01
517,6.61077E-01
517,6.63073E-01
517,6.65064E-01
517,6.67051E-01
517,6.69033E-01
518,6.71010E-01
518,6.72982E-01
518,6.74949E-01
518,6.76910E-01
518,6.78865E-01
518,6.80813E-01
518,6.82756E-01
518,6.84691E-01
518,6.86620E-01
518,6.88541E-01
518,6.90455E-01
519,6.92362E-01
519,6.94260E-01
519,6.96150E-01
519,6.98032E-01
519,6.99904E-01
519,7.01768E-01
519,7.03623E-01
519,7.05467E-01
519,7.07302E-01
520,7.09127E-01
520,7.10941E-01
520,7.12745E-01
520,7.14538E-01
520,7.16319E-01
520,7.18089E-01
520,7.19847E-01
520,7.21594E-01
520,7.23328E-01
520,7.25052E-01
520,7.26764E-01
521,7.28465E-01
521,7.30155E-01
521,7.31834E-01
521,7.33502E-01
521,7.35159E-01
521,7.36806E-01
521,7.38443E-01
521,7.40069E-01
521,7.41686E-01
522,7.43292E-01
522,7.44889E-01
522,7.46476E-01
522,7.48054E-01
522,7.49623E-01
522,7.51182E-01
522,7.52733E-01
522,7.54274E-01
522,7.55808E-01
522,7.57332E-01
522,7.58849E-01
523,7.60357E-01
523,7.61858E-01
523,7.63351E-01
523,7.64836E-01
523,7.66314E-01
523,7.67785E-01
523,7.69249E-01
523,7.70707E-01
523,7.72157E-01
524,7.73602E-01
524,7.75040E-01
524,7.76472E-01
524,7.77899E-01
524,7.79320E-01
524,7.80735E-01
524,7.82146E-01
524,7.83551E-01
524,7.84952E-01
524,7.86349E-01
524,7.87741E-01
525,7.89129E-01
525,7.90513E-01
525,7.91894E-01
525,7.93271E-01
525,7.94645E-01
525,7.96016E-01
525,7.97384E-01
525,7.98749E-01
525,8.00110E-01
526,8.01469E-01
526,8.02824E-01
526,8.04175E-01
526,8.05523E-01
526,8.06867E-01
526,8.08207E-01
526,8.09544E-01
526,8.10876E-01
526,8.12205E-01
526,8.13529E-01
526,8.14849E-01
527,8.16165E-01
527,8.17476E-01
527,8.18783E-01
527,8.20085E-01
527,8.21382E-01
527,8.22674E-01
527,8.23961E-01
527,8.25244E-01
527,8.26521E-01
528,8.27793E-01
528,8.29060E-01
528,8.30321E-01
528,8.31576E-01
528,8.32826E-01
528,8.34070E-01
528,8.35308E-01
528,8.36541E-01
528,8.37767E-01
528,8.38987E-01
528,8.40200E-01
529,8.41408E-01
529,8.42609E-01
529,8.43803E-01
529,8.44990E-01
529,8.46171E-01
529,8.47345E-01
529,8.48512E-01
529,8.49671E-01
529,8.50824E-01
530,8.51969E-01
530,8.53106E-01
530,8.54236E-01
530,8.55359E-01
530,8.56473E-01
530,8.57580E-01
530,8.58679E-01
530,8.59770E-01
530,8.60853E-01
530,8.61929E-01
530,8.62998E-01
531,8.64060E-01
531,8.65115E-01
531,8.66163E-01
531,8.67205E-01
531,8.68241E-01
531,8.69271E-01
531,8.70295E-01
531,8.71313E-01
531,8.72327E-01
532,8.73335E-01
532,8.74338E-01
532,8.75337E-01
532,8.76331E-01
532,8.77320E-01
532,8.78306E-01
532,8.79288E-01
532,8.80266E-01
532,8.81241E-01
532,8.82213E-01
532,8.83182E-01
533,8.84148E-01
533,8.85112E-01
533,8.86074E-01
533,8.87033E-01
533,8.87991E-01
533,8.88947E-01
533,8.89902E-01
533,8.90855E-01
533,8.91808E-01
534,8.92761E-01
534,8.93713E-01
534,8.94664E-01
534,8.95616E-01
534,8.96568E-01
534,8.97521E-01
534,8.98475E-01
534,8.99429E-01
534,9.00385E-01
534,9.01343E-01
534,9.02302E-01
535,9.03264E-01
535,9.04227E-01
535,9.05194E-01
535,9.06163E-01
535,9.07135E-01
535,9.08110E-01
535,9.09088E-01
535,9.10069E-01
535,9.11053E-01
536,9.12039E-01
536,9.13027E-01
536,9.14017E-01
536,9.15008E-01
536,9.16001E-01
536,9.16995E-01
536,9.17989E-01
536,9.18984E-01
536,9.19979E-01
536,9.20974E-01
536,9.21969E-01
537,9.22963E-01
537,9.23957E-01
537,9.24949E-01
537,9.25940E-01
537,9.26929E-01
537,9.27917E-01
537,9.28902E-01
537,9.29885E-01
537,9.30865E-01
538,9.31842E-01
538,9.32816E-01
538,9.33786E-01
538,9.34753E-01
538,9.35715E-01
538,9.36673E-01
538,9.37626E-01
538,9.38575E-01
538,9.39518E-01
538,9.40455E-01
538,9.41387E-01
539,9.42313E-01
539,9.43232E-01
539,9.44144E-01
539,9.45050E-01
539,9.45948E-01
539,9.46839E-01
539,9.47722E-01
539,9.48597E-01
539,9.49463E-01
540,9.50321E-01
540,9.51169E-01
540,9.52009E-01
540,9.52838E-01
540,9.53658E-01
540,9.54468E-01
540,9.55267E-01
540,9.56055E-01
540,9.56833E-01
540,9.57601E-01
540,9.58358E-01
541,9.59104E-01
541,9.59840E-01
541,9.60565E-01
541,9.61279E-01
541,9.61983E-01
541,9.62677E-01
541,9.63360E-01
541,9.64032E-01
541,9.64693E-01
542,9.65344E-01
542,9.65984E-01
542,9.66614E-01
542,9.67233E-01
542,9.67841E-01
542,9.68439E-01
542,9.69026E-01
542,9.69602E-01
542,9.70168E-01
542,9.70723E-01
542,9.71267E-01
543,9.71801E-01
543,9.72324E-01
543,9.72836E-01
543,9.73338E-01
543,9.73829E-01
543,9.74309E-01
543,9.74779E-01
543,9.75238E-01
543,9.75686E-01
544,9.76124E-01
544,9.76551E-01
544,9.76967E-01
544,9.77373E-01
544,9.77768E-01
544,9.78152E-01
544,9.78526E-01
544,9.78889E-01
544,9.79241E-01
544,9.79583E-01
544,9.79914E-01
545,9.80234E-01
545,9.80544E-01
545,9.80844E-01
545,9.81132E-01
545,9.81411E-01
545,9.81678E-01
545,9.81936E-01
545,9.82183E-01
545,9.82421E-01
546,9.82650E-01
546,9.82869E-01
546,9.83081E-01
546,9.83284E-01
546,9.83479E-01
546,9.83667E-01
546,9.83847E-01
546,9.84021E-01
546,9.84189E-01
546,9.84350E-01
546,9.84505E-01
547,9.84655E-01
547,9.84800E-01
547,9.84940E-01
547,9.85076E-01
547,9.85208E-01
547,9.85336E-01
547,9.85461E-01
547,9.85583E-01
547,9.85702E-01
548,9.85819E-01
548,9.85934E-01
548,9.86047E-01
548,9.86159E-01
548,9.86271E-01
548,9.86381E-01
548,9.86492E-01
548,9.86602E-01
548,9.86714E-01
548,9.86826E-01
548,9.86939E-01
549,9.87054E-01
549,9.87170E-01
549,9.87289E-01
549,9.87411E-01
549,9.87536E-01
549,9.87664E-01
549,9.87795E-01
549,9.87931E-01
549,9.88071E-01
550,9.88216E-01
550,9.88365E-01
550,9.88521E-01
550,9.88682E-01
550,9.88849E-01
550,9.89023E-01
550,9.89203E-01
550,9.89390E-01
550,9.89583E-01
550,9.89782E-01
550,9.89987E-01
551,9.90197E-01
551,9.90411E-01
551,9.90631E-01
551,9.90854E-01
551,9.91081E-01
551,9.91312E-01
551,9.91546E-01
551,9.91782E-01
551,9.92022E-01
552,9.92263E-01
552,9.92506E-01
552,9.92751E-01
552,9.92997E-01
552,9.93244E-01
552,9.93491E-01
552,9.93739E-01
552,9.93986E-01
552,9.94233E-01
552,9.94479E-01
552,9.94723E-01
553,9.94967E-01
553,9.95208E-01
553,9.95447E-01
553,9.95684E-01
553,9.95917E-01
553,9.96148E-01
553,9.96375E-01
553,9.96598E-01
553,9.96816E-01
554,9.97030E-01
554,9.97240E-01
554,9.97444E-01
554,9.97642E-01
554,9.97834E-01
554,9.98021E-01
554,9.98200E-01
554,9.98373E-01
554,9.98538E-01
554,9.98695E-01
554,9.98845E-01
555,9.98986E-01
555,9.99119E-01
555,9.99242E-01
555,9.99356E-01
555,9.99461E-01
555,9.99555E-01
555,9.99640E-01
555,9.99715E-01
555,9.99781E-01
556,9.99838E-01
556,9.99886E-01
556,9.99925E-01
556,9.99956E-01
556,9.99978E-01
556,9.99993E-01
556,1.00000E+00
556,1.00000E+00
556,9.99992E-01
556,9.99977E-01
556,9.99956E-01
557,9.99928E-01
557,9.99894E-01
557,9.99853E-01
557,9.99807E-01
557,9.99756E-01
557,9.99699E-01
557,9.99637E-01
557,9.99570E-01
557,9.99498E-01
558,9.99422E-01
558,9.99342E-01
558,9.99258E-01
558,9.99170E-01
558,9.99078E-01
558,9.98984E-01
558,9.98886E-01
558,9.98786E-01
558,9.98683E-01
558,9.98578E-01
558,9.98471E-01
559,9.98362E-01
559,9.98251E-01
559,9.98139E-01
559,9.98026E-01
559,9.97912E-01
559,9.97798E-01
559,9.97683E-01
559,9.97567E-01
559,9.97452E-01
560,9.97337E-01
560,9.97222E-01
560,9.97109E-01
560,9.96996E-01
560,9.96884E-01
560,9.96774E-01
560,9.96665E-01
560,9.96558E-01
560,9.96452E-01
560,9.96347E-01
560,9.96244E-01
561,9.96141E-01
561,9.96039E-01
561,9.95937E-01
561,9.95836E-01
561,9.95736E-01
561,9.95635E-01
561,9.95534E-01
561,9.95434E-01
561,9.95333E-01
562,9.95231E-01
562,9.95129E-01
562,9.95026E-01
562,9.94922E-01
562,9.94818E-01
562,9.94711E-01
562,9.94604E-01
562,9.94495E-01
562,9.94385E-01
562,9.94273E-01
562,9.94158E-01
563,9.94042E-01
563,9.93924E-01
563,9.93803E-01
563,9.93679E-01
563,9.93553E-01
563,9.93425E-01
563,9.93293E-01
563,9.93158E-01
563,9.93020E-01
564,9.92878E-01
564,9.92733E-01
564,9.92585E-01
564,9.92432E-01
564,9.92276E-01
564,9.92116E-01
564,9.91951E-01
564,9.91782E-01
564,9.91608E-01
564,9.91430E-01
564,9.91247E-01
565,9.91059E-01
565,9.90866E-01
565,9.90668E-01
565,9.90464E-01
565,9.90255E-01
565,9.90040E-01
565,9.89820E-01
565,9.89594E-01
565,9.89363E-01
566,9.89126E-01
566,9.88883E-01
566,9.88635E-01
566,9.88382E-01
566,9.88124E-01
566,9.87860E-01
566,9.87590E-01
566,9.87316E-01
566,9.87036E-01
566,9.86751E-01
566,9.86461E-01
567,9.86165E-01
567,9.85865E-01
567,9.85559E-01
567,9.85248E-01
567,9.84932E-01
567,9.84612E-01
567,9.84286E-01
567,9.83955E-01
567,9.83619E-01
568,9.83279E-01
568,9.82933E-01
568,9.82583E-01
568,9.82228E-01
568,9.81868E-01
568,9.81504E-01
568,9.81134E-01
568,9.80760E-01
568,9.80382E-01
568,9.79998E-01
568,9.79611E-01
569,9.79218E-01
569,9.78821E-01
569,9.78420E-01
569,9.78014E-01
569,9.77603E-01
569,9.77189E-01
569,9.76769E-01
569,9.76346E-01
569,9.75918E-01
570,9.75486E-01
570,9.75049E-01
570,9.74609E-01
570,9.74164E-01
570,9.73714E-01
570,9.73261E-01
570,9.72804E-01
570,9.72342E-01
570,9.71876E-01
570,9.71405E-01
570,9.70929E-01
571,9.70449E-01
571,9.69964E-01
571,9.69473E-01
571,9.68978E-01
571,9.68476E-01
571,9.67970E-01
571,9.67457E-01
571,9.66939E-01
571,9.66415E-01
572,9.65885E-01
572,9.65348E-01
572,9.64805E-01
572,9.64256E-01
572,9.63700E-01
572,9.63137E-01
572,9.62567E-01
572,9.61990E-01
572,9.61406E-01
572,9.60815E-01
572,9.60216E-01
573,9.59610E-01
573,9.58996E-01
573,9.58374E-01
573,9.57744E-01
573,9.57106E-01
573,9.56460E-01
573,9.55806E-01
573,9.55143E-01
573,9.54471E-01
574,9.53791E-01
574,9.53102E-01
574,9.52403E-01
574,9.51696E-01
574,9.50980E-01
574,9.50254E-01
574,9.49519E-01
574,9.48774E-01
574,9.48019E-01
574,9.47255E-01
574,9.46481E-01
575,9.45697E-01
575,9.44902E-01
575,9.44098E-01
575,9.43282E-01
575,9.42457E-01
575,9.41621E-01
575,9.40775E-01
575,9.39918E-01
575,9.39053E-01
576,9.38179E-01
576,9.37296E-01
576,9.36406E-01
576,9.35507E-01
576,9.34602E-01
576,9.33690E-01
576,9.32771E-01
576,9.31847E-01
576,9.30917E-01
576,9.29982E-01
576,9.29042E-01
577,9.28099E-01
577,9.27151E-01
577,9.26200E-01
577,9.25246E-01
577,9.24289E-01
577,9.23331E-01
577,9.22370E-01
577,9.21408E-01
577,9.20445E-01
578,9.19482E-01
578,9.18518E-01
578,9.17555E-01
578,9.16592E-01
578,9.15631E-01
578,9.14671E-01
578,9.13712E-01
578,9.12756E-01
578,9.11803E-01
578,9.10852E-01
578,9.09905E-01
579,9.08962E-01
579,9.08022E-01
579,9.07088E-01
579,9.06158E-01
579,9.05233E-01
579,9.04314E-01
579,9.03402E-01
579,9.02495E-01
579,9.01596E-01
580,9.00703E-01
580,8.99818E-01
580,8.98941E-01
580,8.98073E-01
580,8.97212E-01
580,8.96361E-01
580,8.95519E-01
580,8.94687E-01
580,8.93862E-01
580,8.93047E-01
580,8.92239E-01
581,8.91438E-01
581,8.90645E-01
581,8.89859E-01
581,8.89080E-01
581,8.88307E-01
581,8.87540E-01
581,8.86778E-01
581,8.86022E-01
581,8.85270E-01
582,8.84523E-01
582,8.83781E-01
582,8.83042E-01
582,8.82307E-01
582,8.81575E-01
582,8.80846E-01
582,8.80120E-01
582,8.79396E-01
582,8.78673E-01
582,8.77953E-01
582,8.77234E-01
583,8.76515E-01
583,8.75797E-01
583,8.75080E-01
583,8.74362E-01
583,8.73645E-01
583,8.72926E-01
583,8.72206E-01
583,8.71486E-01
583,8.70763E-01
584,8.70039E-01
584,8.69312E-01
584,8.68582E-01
584,8.67850E-01
584,8.67115E-01
584,8.66376E-01
584,8.65633E-01
584,8.64885E-01
584,8.64134E-01
584,8.63377E-01
584,8.62616E-01
585,8.61849E-01
585,8.61076E-01
585,8.60297E-01
585,8.59512E-01
585,8.58720E-01
585,8.57922E-01
585,8.57116E-01
585,8.56303E-01
585,8.55484E-01
586,8.54658E-01
586,8.53826E-01
586,8.52986E-01
586,8.52140E-01
586,8.51288E-01
586,8.50430E-01
586,8.49565E-01
586,8.48693E-01
586,8.47816E-01
586,8.46932E-01
586,8.46042E-01
587,8.45147E-01
587,8.44245E-01
587,8.43337E-01
587,8.42424E-01
587,8.41505E-01
587,8.40580E-01
587,8.39649E-01
587,8.38713E-01
587,8.37772E-01
588,8.36825E-01
588,8.35872E-01
588,8.34915E-01
588,8.33952E-01
588,8.32984E-01
588,8.32011E-01
588,8.31033E-01
588,8.30050E-01
588,8.29062E-01
588,8.28069E-01
588,8.27072E-01
589,8.26069E-01
589,8.25063E-01
589,8.24051E-01
589,8.23036E-01
589,8.22015E-01
589,8.20991E-01
589,8.19962E-01
589,8.18929E-01
589,8.17892E-01
590,8.16851E-01
590,8.15806E-01
590,8.14757E-01
590,8.13704E-01
590,8.12647E-01
590,8.11587E-01
590,8.10523E-01
590,8.09455E-01
590,8.08384E-01
590,8.07309E-01
590,8.06231E-01
591,8.05149E-01
591,8.04064E-01
591,8.02975E-01
591,8.01883E-01
591,8.00787E-01
591,7.99688E-01
591,7.98586E-01
591,7.97481E-01
591,7.96372E-01
592,7.95260E-01
592,7.94145E-01
592,7.93026E-01
592,7.91904E-01
592,7.90779E-01
592,7.89652E-01
592,7.88520E-01
592,7.87386E-01
592,7.86249E-01
592,7.85109E-01
592,7.83966E-01
593,7.82819E-01
593,7.81670E-01
593,7.80518E-01
593,7.79363E-01
593,7.78205E-01
593,7.77045E-01
593,7.75881E-01
593,7.74715E-01
593,7.73545E-01
594,7.72374E-01
594,7.71199E-01
594,7.70021E-01
594,7.68841E-01
594,7.67659E-01
594,7.66473E-01
594,7.65285E-01
594,7.64095E-01
594,7.62901E-01
594,7.61706E-01
594,7.60507E-01
595,7.59307E-01
595,7.58103E-01
595,7.56897E-01
595,7.55689E-01
595,7.54479E-01
595,7.53265E-01
595,7.52050E-01
595,7.50832E-01
595,7.49612E-01
596,7.48390E-01
596,7.47166E-01
596,7.45939E-01
596,7.44710E-01
596,7.43480E-01
596,7.42247E-01
596,7.41013E-01
596,7.39776E-01
596,7.38538E-01
596,7.37298E-01
596,7.36056E-01
597,7.34813E-01
597,7.33568E-01
597,7.32321E-01
597,7.31073E-01
597,7.29823E-01
597,7.28572E-01
597,7.27319E-01
597,7.26065E-01
597,7.24810E-01
598,7.23553E-01
598,7.22295E-01
598,7.21036E-01
598,7.19776E-01
598,7.18515E-01
598,7.17252E-01
598,7.15989E-01
598,7.14725E-01
598,7.13460E-01
598,7.12194E-01
598,7.10927E-01
599,7.09659E-01
599,7.08391E-01
599,7.07122E-01
599,7.05852E-01
599,7.04582E-01
599,7.03311E-01
599,7.02040E-01
599,7.00768E-01
599,6.99495E-01
600,6.98223E-01
600,6.96950E-01
600,6.95677E-01
600,6.94403E-01
600,6.93129E-01
600,6.91855E-01
600,6.90581E-01
600,6.89307E-01
600,6.88033E-01
600,6.86758E-01
600,6.85483E-01
601,6.84207E-01
601,6.82931E-01
601,6.81655E-01
601,6.80378E-01
601,6.79101E-01
601,6.77823E-01
601,6.76544E-01
601,6.75265E-01
601,6.73984E-01
602,6.72703E-01
602,6.71422E-01
602,6.70139E-01
602,6.68855E-01
602,6.67570E-01
602,6.66285E-01
602,6.64998E-01
602,6.63710E-01
602,6.62421E-01
602,6.61130E-01
602,6.59839E-01
603,6.58546E-01
603,6.57251E-01
603,6.55955E-01
603,6.54658E-01
603,6.53359E-01
603,6.52059E-01
603,6.50757E-01
603,6.49454E-01
603,6.48149E-01
604,6.46842E-01
604,6.45533E-01
604,6.44223E-01
604,6.42911E-01
604,6.41597E-01
604,6.40281E-01
604,6.38963E-01
604,6.37643E-01
604,6.36321E-01
604,6.34997E-01
604,6.33671E-01
605,6.32342E-01
605,6.31012E-01
605,6.29679E-01
605,6.28344E-01
605,6.27007E-01
605,6.25667E-01
605,6.24325E-01
605,6.22981E-01
605,6.21635E-01
606,6.20286E-01
606,6.18936E-01
606,6.17583E-01
606,6.16229E-01
606,6.14873E-01
606,6.13515E-01
606,6.12155E-01
606,6.10794E-01
606,6.09431E-01
606,6.08066E-01
606,6.06700E-01
607,6.05333E-01
607,6.03964E-01
607,6.02594E-01
607,6.01222E-01
607,5.99849E-01
607,5.98476E-01
607,5.97101E-01
607,5.95725E-01
607,5.94348E-01
608,5.92970E-01
608,5.91591E-01
608,5.90211E-01
608,5.88831E-01
608,5.87450E-01
608,5.86068E-01
608,5.84686E-01
608,5.83303E-01
608,5.81920E-01
608,5.80536E-01
608,5.79151E-01
609,5.77767E-01
609,5.76382E-01
609,5.74997E-01
609,5.73612E-01
609,5.72226E-01
609,5.70841E-01
609,5.69455E-01
609,5.68069E-01
609,5.66684E-01
610,5.65298E-01
610,5.63913E-01
610,5.62528E-01
610,5.61143E-01
610,5.59759E-01
610,5.58375E-01
610,5.56991E-01
610,5.55607E-01
610,5.54224E-01
610,5.52842E-01
610,5.51459E-01
611,5.50078E-01
611,5.48696E-01
611,5.47315E-01
611,5.45934E-01
611,5.44554E-01
611,5.43173E-01
611,5.41794E-01
611,5.40414E-01
611,5.39035E-01
612,5.37656E-01
612,5.36278E-01
612,5.34900E-01
612,5.33522E-01
612,5.32144E-01
612,5.30767E-01
612,5.29390E-01
612,5.28014E-01
612,5.26638E-01
612,5.25262E-01
612,5.23886E-01
613,5.22511E-01
613,5.21136E-01
613,5.19761E-01
613,5.18387E-01
613,5.17013E-01
613,5.15639E-01
613,5.14266E-01
613,5.12893E-01
613,5.11520E-01
614,5.10147E-01
614,5.08775E-01
614,5.07403E-01
614,5.06031E-01
614,5.04660E-01
614,5.03289E-01
614,5.01918E-01
614,5.00548E-01
614,4.99178E-01
614,4.97808E-01
614,4.96438E-01
615,4.95069E-01
615,4.93700E-01
615,4.92331E-01
615,4.90963E-01
615,4.89595E-01
615,4.88227E-01
615,4.86860E-01
615,4.85493E-01
615,4.84127E-01
616,4.82761E-01
616,4.81396E-01
616,4.80032E-01
616,4.78668E-01
616,4.77306E-01
616,4.75944E-01
616,4.74584E-01
616,4.73224E-01
616,4.71866E-01
616,4.70509E-01
616,4.69153E-01
617,4.67799E-01
617,4.66446E-01
617,4.65094E-01
617,4.63744E-01
617,4.62396E-01
617,4.61049E-01
617,4.59704E-01
617,4.58361E-01
617,4.57020E-01
618,4.55681E-01
618,4.54343E-01
618,4.53008E-01
618,4.51675E-01
618,4.50344E-01
618,4.49015E-01
618,4.47689E-01
618,4.46365E-01
618,4.45043E-01
618,4.43724E-01
618,4.42407E-01
619,4.41093E-01
619,4.39781E-01
619,4.38472E-01
619,4.37166E-01
619,4.35862E-01
619,4.34561E-01
619,4.33264E-01
619,4.31969E-01
619,4.30677E-01
620,4.29388E-01
620,4.28102E-01
620,4.26819E-01
620,4.25539E-01
620,4.24263E-01
620,4.22990E-01
620,4.21720E-01
620,4.20453E-01
620,4.19189E-01
620,4.17928E-01
620,4.16670E-01
621,4.15414E-01
621,4.14161E-01
621,4.12910E-01
621,4.11662E-01
621,4.10415E-01
621,4.09171E-01
621,4.07928E-01
621,4.06687E-01
621,4.05447E-01
622,4.04209E-01
622,4.02972E-01
622,4.01736E-01
622,4.00502E-01
622,3.99268E-01
622,3.98036E-01
622,3.96804E-01
622,3.95572E-01
622,3.94341E-01
622,3.93111E-01
622,3.91881E-01
623,3.90651E-01
623,3.89421E-01
623,3.88191E-01
623,3.86960E-01
623,3.85730E-01
623,3.84499E-01
623,3.83268E-01
623,3.82036E-01
623,3.80804E-01
624,3.79571E-01
624,3.78337E-01
624,3.77102E-01
624,3.75866E-01
624,3.74629E-01
624,3.73391E-01
624,3.72151E-01
624,3.70910E-01
624,3.69668E-01
624,3.68424E-01
624,3.67179E-01
625,3.65932E-01
625,3.64683E-01
625,3.63432E-01
625,3.62179E-01
625,3.60924E-01
625,3.59668E-01
625,3.58409E-01
625,3.57149E-01
625,3.55886E-01
626,3.54623E-01
626,3.53358E-01
626,3.52091E-01
626,3.50824E-01
626,3.49555E-01
626,3.48286E-01
626,3.47016E-01
626,3.45745E-01
626,3.44474E-01
626,3.43202E-01
626,3.41930E-01
627,3.40658E-01
627,3.39386E-01
627,3.38114E-01
627,3.36842E-01
627,3.35570E-01
627,3.34299E-01
627,3.33029E-01
627,3.31759E-01
627,3.30489E-01
628,3.29221E-01
628,3.27954E-01
628,3.26687E-01
628,3.25422E-01
628,3.24159E-01
628,3.22896E-01
628,3.21635E-01
628,3.20376E-01
628,3.19118E-01
628,3.17863E-01
628,3.16609E-01
629,3.15357E-01
629,3.14107E-01
629,3.12859E-01
629,3.11614E-01
629,3.10370E-01
629,3.09130E-01
629,3.07891E-01
629,3.06656E-01
629,3.05423E-01
630,3.04193E-01
630,3.02966E-01
630,3.01741E-01
630,3.00520E-01
630,2.99302E-01
630,2.98086E-01
630,2.96875E-01
630,2.95666E-01
630,2.94461E-01
630,2.93259E-01
630,2.92060E-01
631,2.90864E-01
631,2.89672E-01
631,2.88484E-01
631,2.87298E-01
631,2.86116E-01
631,2.84937E-01
631,2.83762E-01
631,2.82590E-01
631,2.81421E-01
632,2.80256E-01
632,2.79095E-01
632,2.77936E-01
632,2.76782E-01
632,2.75630E-01
632,2.74482E-01
632,2.73338E-01
632,2.72197E-01
632,2.71059E-01
632,2.69925E-01
632,2.68795E-01
633,2.67668E-01
633,2.66544E-01
633,2.65425E-01
633,2.64308E-01
633,2.63195E-01
633,2.62086E-01
633,2.60980E-01
633,2.59878E-01
633,2.58779E-01
634,2.57684E-01
634,2.56593E-01
634,2.55505E-01
634,2.54421E-01
634,2.53340E-01
634,2.52263E-01
634,2.51189E-01
634,2.50119E-01
634,2.49053E-01
634,2.47990E-01
634,2.46931E-01
635,2.45876E-01
635,2.44824E-01
635,2.43776E-01
635,2.42731E-01
635,2.41690E-01
635,2.40653E-01
635,2.39619E-01
635,2.38589E-01
635,2.37563E-01
636,2.36540E-01
636,2.35521E-01
636,2.34505E-01
636,2.33494E-01
636,2.32485E-01
636,2.31481E-01
636,2.30480E-01
636,2.29483E-01
636,2.28489E-01
636,2.27500E-01
636,2.26513E-01
637,2.25531E-01
637,2.24552E-01
637,2.23577E-01
637,2.22606E-01
637,2.21638E-01
637,2.20674E-01
637,2.19713E-01
637,2.18756E-01
637,2.17803E-01
638,2.16854E-01
638,2.15908E-01
638,2.14966E-01
638,2.14028E-01
638,2.13093E-01
638,2.12162E-01
638,2.11235E-01
638,2.10311E-01
638,2.09391E-01
638,2.08475E-01
638,2.07562E-01
639,2.06653E-01
639,2.05748E-01
639,2.04846E-01
639,2.03948E-01
639,2.03054E-01
639,2.02164E-01
639,2.01277E-01
639,2.00393E-01
639,1.99514E-01
640,1.98638E-01
640,1.97765E-01
640,1.96897E-01
640,1.96032E-01
640,1.95170E-01
640,1.94312E-01
640,1.93458E-01
640,1.92608E-01
640,1.91761E-01
640,1.90917E-01
640,1.90077E-01
641,1.89240E-01
641,1.88406E-01
641,1.87575E-01
641,1.86747E-01
641,1.85923E-01
641,1.85101E-01
641,1.84282E-01
641,1.83466E-01
641,1.82653E-01
642,1.81842E-01
642,1.81034E-01
642,1.80229E-01
642,1.79426E-01
642,1.78625E-01
642,1.77827E-01
642,1.77032E-01
642,1.76238E-01
642,1.75447E-01
642,1.74658E-01
642,1.73871E-01
643,1.73086E-01
643,1.72303E-01
643,1.71522E-01
643,1.70743E-01
643,1.69965E-01
643,1.69190E-01
643,1.68416E-01
643,1.67644E-01
643,1.66874E-01
644,1.66105E-01
644,1.65338E-01
644,1.64572E-01
644,1.63808E-01
644,1.63045E-01
644,1.62284E-01
644,1.61524E-01
644,1.60766E-01
644,1.60008E-01
644,1.59252E-01
644,1.58497E-01
645,1.57744E-01
645,1.56991E-01
645,1.56239E-01
645,1.55489E-01
645,1.54740E-01
645,1.53991E-01
645,1.53244E-01
645,1.52498E-01
645,1.51753E-01
646,1.51009E-01
646,1.50266E-01
646,1.49525E-01
646,1.48784E-01
646,1.48046E-01
646,1.47308E-01
646,1.46572E-01
646,1.45837E-01
646,1.45104E-01
646,1.44373E-01
646,1.43643E-01
647,1.42914E-01
647,1.42187E-01
647,1.41462E-01
647,1.40739E-01
647,1.40017E-01
647,1.39297E-01
647,1.38579E-01
647,1.37862E-01
647,1.37148E-01
648,1.36435E-01
648,1.35724E-01
648,1.35016E-01
648,1.34309E-01
648,1.33604E-01
648,1.32901E-01
648,1.32201E-01
648,1.31502E-01
648,1.30805E-01
648,1.30111E-01
648,1.29419E-01
649,1.28729E-01
649,1.28041E-01
649,1.27356E-01
649,1.26672E-01
649,1.25991E-01
649,1.25313E-01
649,1.24636E-01
649,1.23962E-01
649,1.23291E-01
650,1.22621E-01
650,1.21955E-01
650,1.21290E-01
650,1.20628E-01
650,1.19969E-01
650,1.19312E-01
650,1.18658E-01
650,1.18006E-01
650,1.17356E-01
650,1.16709E-01
650,1.16065E-01
651,1.15423E-01
651,1.14784E-01
651,1.14148E-01
651,1.13513E-01
651,1.12882E-01
651,1.12253E-01
651,1.11627E-01
651,1.11003E-01
651,1.10382E-01
652,1.09764E-01
652,1.09148E-01
652,1.08535E-01
652,1.07924E-01
652,1.07317E-01
652,1.06711E-01
652,1.06109E-01
652,1.05509E-01
652,1.04911E-01
652,1.04317E-01
652,1.03725E-01
653,1.03136E-01
653,1.02549E-01
653,1.01965E-01
653,1.01384E-01
653,1.00805E-01
653,1.00229E-01
653,9.96560E-02
653,9.90854E-02
653,9.85175E-02
654,9.79523E-02
654,9.73898E-02
654,9.68300E-02
654,9.62728E-02
654,9.57183E-02
654,9.51665E-02
654,9.46174E-02
654,9.40710E-02
654,9.35272E-02
654,9.29862E-02
654,9.24478E-02
655,9.19121E-02
655,9.13790E-02
655,9.08487E-02
655,9.03210E-02
655,8.97959E-02
655,8.92736E-02
655,8.87539E-02
655,8.82368E-02
655,8.77224E-02
656,8.72106E-02
656,8.67014E-02
656,8.61948E-02
656,8.56908E-02
656,8.51893E-02
656,8.46904E-02
656,8.41941E-02
656,8.37003E-02
656,8.32091E-02
656,8.27203E-02
656,8.22341E-02
657,8.17503E-02
657,8.12691E-02
657,8.07903E-02
657,8.03140E-02
657,7.98401E-02
657,7.93687E-02
657,7.88996E-02
657,7.84331E-02
657,7.79689E-02
658,7.75071E-02
658,7.70477E-02
658,7.65907E-02
658,7.61360E-02
658,7.56837E-02
658,7.52337E-02
658,7.47861E-02
658,7.43408E-02
658,7.38978E-02
658,7.34571E-02
658,7.30187E-02
659,7.25825E-02
659,7.21487E-02
659,7.17171E-02
659,7.12877E-02
659,7.08606E-02
659,7.04357E-02
659,7.00131E-02
659,6.95926E-02
659,6.91744E-02
660,6.87583E-02
660,6.83444E-02
660,6.79327E-02
660,6.75231E-02
660,6.71157E-02
660,6.67104E-02
660,6.63073E-02
660,6.59063E-02
660,6.55074E-02
660,6.51106E-02
660,6.47159E-02
661,6.43233E-02
661,6.39328E-02
661,6.35443E-02
661,6.31579E-02
661,6.27736E-02
661,6.23913E-02
661,6.20111E-02
661,6.16329E-02
661,6.12567E-02
662,6.08826E-02
662,6.05104E-02
662,6.01403E-02
662,5.97721E-02
662,5.94060E-02
662,5.90418E-02
662,5.86796E-02
662,5.83193E-02
662,5.79610E-02
662,5.76047E-02
662,5.72503E-02
663,5.68978E-02
663,5.65472E-02
663,5.61986E-02
663,5.58519E-02
663,5.55070E-02
663,5.51641E-02
663,5.48230E-02
663,5.44838E-02
663,5.41465E-02
664,5.38111E-02
664,5.34775E-02
664,5.31457E-02
664,5.28158E-02
664,5.24877E-02
664,5.21614E-02
664,5.18369E-02
664,5.15143E-02
664,5.11934E-02
664,5.08743E-02
664,5.05570E-02
665,5.02415E-02
665,4.99277E-02
665,4.96157E-02
665,4.93055E-02
665,4.89970E-02
665,4.86902E-02
665,4.83852E-02
665,4.80818E-02
665,4.77802E-02
666,4.74803E-02
666,4.71820E-02
666,4.68855E-02
666,4.65906E-02
666,4.62974E-02
666,4.60058E-02
666,4.57158E-02
666,4.54275E-02
666,4.51409E-02
666,4.48558E-02
666,4.45723E-02
667,4.42905E-02
667,4.40102E-02
667,4.37315E-02
667,4.34544E-02
667,4.31788E-02
667,4.29049E-02
667,4.26324E-02
667,4.23615E-02
667,4.20921E-02
668,4.18243E-02
668,4.15579E-02
668,4.12931E-02
668,4.10298E-02
668,4.07679E-02
668,4.05075E-02
668,4.02487E-02
668,3.99912E-02
668,3.97353E-02
668,3.94808E-02
668,3.92277E-02
669,3.89761E-02
669,3.87259E-02
669,3.84771E-02
669,3.82297E-02
669,3.79838E-02
669,3.77392E-02
669,3.74960E-02
669,3.72542E-02
669,3.70138E-02
670,3.67748E-02
670,3.65371E-02
670,3.63008E-02
670,3.60658E-02
670,3.58321E-02
670,3.55998E-02
670,3.53688E-02
670,3.51392E-02
670,3.49108E-02
670,3.46838E-02
670,3.44580E-02
671,3.42336E-02
671,3.40104E-02
671,3.37885E-02
671,3.35679E-02
671,3.33486E-02
671,3.31305E-02
671,3.29136E-02
671,3.26981E-02
671,3.24837E-02
672,3.22706E-02
672,3.20587E-02
672,3.18480E-02
672,3.16386E-02
672,3.14304E-02
672,3.12233E-02
672,3.10175E-02
672,3.08128E-02
672,3.06094E-02
672,3.04071E-02
672,3.02060E-02
673,3.00060E-02
673,2.98073E-02
673,2.96096E-02
673,2.94131E-02
673,2.92178E-02
673,2.90236E-02
673,2.88305E-02
673,2.86386E-02
673,2.84478E-02
674,2.82581E-02
674,2.80695E-02
674,2.78820E-02
674,2.76956E-02
674,2.75102E-02
674,2.73260E-02
674,2.71429E-02
674,2.69608E-02
674,2.67798E-02
674,2.65998E-02
674,2.64210E-02
675,2.62431E-02
675,2.60664E-02
675,2.58906E-02
675,2.57159E-02
675,2.55422E-02
675,2.53696E-02
675,2.51980E-02
675,2.50273E-02
675,2.48577E-02
676,2.46892E-02
676,2.45216E-02
676,2.43550E-02
676,2.41894E-02
676,2.40248E-02
676,2.38612E-02
676,2.36986E-02
676,2.35369E-02
676,2.33763E-02
676,2.32166E-02
676,2.30579E-02
677,2.29001E-02
677,2.27433E-02
677,2.25874E-02
677,2.24325E-02
677,2.22786E-02
677,2.21256E-02
677,2.19735E-02
677,2.18224E-02
677,2.16722E-02
678,2.15229E-02
678,2.13745E-02
678,2.12271E-02
678,2.10805E-02
678,2.09349E-02
678,2.07902E-02
678,2.06464E-02
678,2.05035E-02
678,2.03614E-02
678,2.02203E-02
678,2.00800E-02
679,1.99407E-02
679,1.98022E-02
679,1.96645E-02
679,1.95278E-02
679,1.93919E-02
679,1.92568E-02
679,1.91226E-02
679,1.89893E-02
679,1.88568E-02
680,1.87251E-02
680,1.85943E-02
680,1.84644E-02
680,1.83352E-02
680,1.82069E-02
680,1.80794E-02
680,1.79527E-02
680,1.78268E-02
680,1.77018E-02
680,1.75775E-02
680,1.74540E-02
681,1.73313E-02
681,1.72094E-02
681,1.70882E-02
681,1.69678E-02
681,1.68482E-02
681,1.67293E-02
681,1.66111E-02
681,1.64937E-02
681,1.63770E-02
682,1.62611E-02
682,1.61458E-02
682,1.60313E-02
682,1.59174E-02
682,1.58043E-02
682,1.56919E-02
682,1.55801E-02
682,1.54691E-02
682,1.53587E-02
682,1.52490E-02
682,1.51399E-02
683,1.50315E-02
683,1.49238E-02
683,1.48167E-02
683,1.47103E-02
683,1.46045E-02
683,1.44993E-02
683,1.43948E-02
683,1.42909E-02
683,1.41876E-02
684,1.40849E-02
684,1.39828E-02
684,1.38814E-02
684,1.37805E-02
684,1.36803E-02
684,1.35806E-02
684,1.34815E-02
684,1.33831E-02
684,1.32852E-02
684,1.31878E-02
684,1.30911E-02
685,1.29949E-02
685,1.28993E-02
685,1.28042E-02
685,1.27097E-02
685,1.26157E-02
685,1.25223E-02
685,1.24295E-02
685,1.23372E-02
685,1.22454E-02
686,1.21543E-02
686,1.20637E-02
686,1.19736E-02
686,1.18842E-02
686,1.17953E-02
686,1.17070E-02
686,1.16192E-02
686,1.15321E-02
686,1.14455E-02
686,1.13595E-02
686,1.12741E-02
687,1.11893E-02
687,1.11051E-02
687,1.10215E-02
687,1.09385E-02
687,1.08561E-02
687,1.07743E-02
687,1.06930E-02
687,1.06124E-02
687,1.05324E-02
688,1.04529E-02
688,1.03741E-02
688,1.02959E-02
688,1.02182E-02
688,1.01412E-02
688,1.00648E-02
688,9.98893E-03
688,9.91370E-03
688,9.83907E-03
688,9.76503E-03
688,9.69160E-03
689,9.61876E-03
689,9.54652E-03
689,9.47488E-03
689,9.40383E-03
689,9.33338E-03
689,9.26352E-03
689,9.19425E-03
689,9.12557E-03
689,9.05749E-03
690,8.98999E-03
690,8.92308E-03
690,8.85676E-03
690,8.79102E-03
690,8.72586E-03
690,8.66128E-03
690,8.59729E-03
690,8.53386E-03
690,8.47100E-03
690,8.40869E-03
690,8.34692E-03
691,8.28570E-03
691,8.22501E-03
691,8.16484E-03
691,8.10519E-03
691,8.04605E-03
691,7.98741E-03
691,7.92926E-03
691,7.87161E-03
691,7.81443E-03
692,7.75773E-03
692,7.70150E-03
692,7.64573E-03
692,7.59042E-03
692,7.53555E-03
692,7.48113E-03
692,7.42715E-03
692,7.37359E-03
692,7.32046E-03
692,7.26775E-03
692,7.21546E-03
693,7.16357E-03
693,7.11208E-03
693,7.06099E-03
693,7.01030E-03
693,6.95999E-03
693,6.91006E-03
693,6.86051E-03
693,6.81133E-03
693,6.76251E-03
694,6.71406E-03
694,6.66597E-03
694,6.61823E-03
694,6.57083E-03
694,6.52378E-03
694,6.47707E-03
694,6.43069E-03
694,6.38465E-03
694,6.33893E-03
694,6.29353E-03
694,6.24845E-03
695,6.20368E-03
695,6.15922E-03
695,6.11507E-03
695,6.07123E-03
695,6.02768E-03
695,5.98442E-03
695,5.94146E-03
695,5.89879E-03
695,5.85642E-03
696,5.81433E-03
696,5.77253E-03
696,5.73101E-03
696,5.68978E-03
696,5.64883E-03
696,5.60817E-03
696,5.56778E-03
696,5.52768E-03
696,5.48785E-03
696,5.44830E-03
696,5.40902E-03
697,5.37001E-03
697,5.33128E-03
697,5.29281E-03
697,5.25462E-03
697,5.21669E-03
697,5.17903E-03
697,5.14163E-03
697,5.10450E-03
697,5.06762E-03
698,5.03101E-03
698,4.99465E-03
698,4.95855E-03
698,4.92271E-03
698,4.88712E-03
698,4.85179E-03
698,4.81670E-03
698,4.78187E-03
698,4.74728E-03
698,4.71294E-03
698,4.67884E-03
699,4.64499E-03
699,4.61139E-03
699,4.57802E-03
699,4.54490E-03
699,4.51201E-03
699,4.47936E-03
699,4.44694E-03
699,4.41476E-03
699,4.38281E-03
700,4.35110E-03
700,4.31961E-03
700,4.28835E-03
700,4.25732E-03
700,4.22652E-03
700,4.19594E-03
700,4.16558E-03
700,4.13545E-03
700,4.10553E-03
700,4.07583E-03
700,4.04635E-03
701,4.01707E-03
701,3.98801E-03
701,3.95915E-03
701,3.93050E-03
701,3.90206E-03
701,3.87381E-03
701,3.84577E-03
701,3.81792E-03
701,3.79027E-03
702,3.76281E-03
702,3.73555E-03
702,3.70847E-03
702,3.68159E-03
702,3.65489E-03
702,3.62837E-03
702,3.60204E-03
702,3.57589E-03
702,3.54992E-03
702,3.52412E-03
702,3.49851E-03
703,3.47306E-03
703,3.44779E-03
703,3.42269E-03
703,3.39777E-03
703,3.37301E-03
703,3.34841E-03
703,3.32398E-03
703,3.29972E-03
703,3.27561E-03
704,3.25167E-03
704,3.22789E-03
704,3.20426E-03
704,3.18079E-03
704,3.15748E-03
704,3.13432E-03
704,3.11131E-03
704,3.08845E-03
704,3.06574E-03
704,3.04318E-03
704,3.02077E-03
705,2.99850E-03
705,2.97638E-03
705,2.95440E-03
705,2.93256E-03
705,2.91086E-03
705,2.88931E-03
705,2.86789E-03
705,2.84661E-03
705,2.82547E-03
706,2.80447E-03
706,2.78361E-03
706,2.76288E-03
706,2.74229E-03
706,2.72184E-03
706,2.70153E-03
706,2.68135E-03
706,2.66131E-03
706,2.64140E-03
706,2.62163E-03
706,2.60199E-03
707,2.58248E-03
707,2.56311E-03
707,2.54387E-03
707,2.52477E-03
707,2.50580E-03
707,2.48695E-03
707,2.46824E-03
707,2.44967E-03
707,2.43122E-03
708,2.41290E-03
708,2.39471E-03
708,2.37665E-03
708,2.35871E-03
708,2.34091E-03
708,2.32323E-03
708,2.30568E-03
708,2.28825E-03
708,2.27096E-03
708,2.25378E-03
708,2.23673E-03
709,2.21981E-03
709,2.20300E-03
709,2.18633E-03
709,2.16977E-03
709,2.15333E-03
709,2.13702E-03
709,2.12083E-03
709,2.10475E-03
709,2.08880E-03
710,2.07297E-03
710,2.05725E-03
710,2.04165E-03
710,2.02617E-03
710,2.01081E-03
710,1.99556E-03
710,1.98042E-03
710,1.96541E-03
710,1.95050E-03
710,1.93571E-03
710,1.92103E-03
711,1.90647E-03
711,1.89201E-03
711,1.87767E-03
711,1.86344E-03
711,1.84932E-03
711,1.83530E-03
711,1.82140E-03
711,1.80760E-03
711,1.79391E-03
712,1.78032E-03
712,1.76684E-03
712,1.75347E-03
712,1.74020E-03
712,1.72704E-03
712,1.71398E-03
712,1.70102E-03
712,1.68816E-03
712,1.67540E-03
712,1.66275E-03
712,1.65019E-03
713,1.63774E-03
713,1.62538E-03
713,1.61312E-03
713,1.60096E-03
713,1.58890E-03
713,1.57693E-03
713,1.56506E-03
713,1.55328E-03
713,1.54160E-03
714,1.53001E-03
714,1.51851E-03
714,1.50711E-03
714,1.49580E-03
714,1.48458E-03
714,1.47345E-03
714,1.46241E-03
714,1.45146E-03
714,1.44060E-03
714,1.42983E-03
714,1.41915E-03
715,1.40855E-03
715,1.39804E-03
715,1.38762E-03
715,1.37728E-03
715,1.36702E-03
715,1.35685E-03
715,1.34676E-03
715,1.33676E-03
715,1.32684E-03
716,1.31699E-03
716,1.30723E-03
716,1.29755E-03
716,1.28794E-03
716,1.27841E-03
716,1.26895E-03
716,1.25958E-03
716,1.25027E-03
716,1.24104E-03
716,1.23188E-03
716,1.22280E-03
717,1.21378E-03
717,1.20484E-03
717,1.19596E-03
717,1.18716E-03
717,1.17842E-03
717,1.16975E-03
717,1.16115E-03
717,1.15261E-03
717,1.14414E-03
718,1.13573E-03
718,1.12739E-03
718,1.11911E-03
718,1.11089E-03
718,1.10274E-03
718,1.09464E-03
718,1.08661E-03
718,1.07864E-03
718,1.07072E-03
718,1.06287E-03
718,1.05507E-03
719,1.04733E-03
719,1.03965E-03
719,1.03203E-03
719,1.02446E-03
719,1.01694E-03
719,1.00948E-03
719,1.00208E-03
719,9.94728E-04
719,9.87429E-04
720,9.80184E-04
720,9.72990E-04
720,9.65848E-04
720,9.58757E-04
720,9.51717E-04
720,9.44727E-04
720,9.37786E-04
720,9.30895E-04
720,9.24053E-04
720,9.17260E-04
720,9.10516E-04
721,9.03820E-04
721,8.97172E-04
721,8.90573E-04
721,8.84021E-04
721,8.77517E-04
721,8.71060E-04
721,8.64651E-04
721,8.58288E-04
721,8.51972E-04
722,8.45703E-04
722,8.39479E-04
722,8.33302E-04
722,8.27171E-04
722,8.21085E-04
722,8.15044E-04
722,8.09048E-04
722,8.03097E-04
722,7.97191E-04
722,7.91329E-04
722,7.85511E-04
723,7.79737E-04
723,7.74007E-04
723,7.68320E-04
723,7.62676E-04
723,7.57076E-04
723,7.51517E-04
723,7.46002E-04
723,7.40528E-04
723,7.35097E-04
724,7.29707E-04
724,7.24359E-04
724,7.19052E-04
724,7.13786E-04
724,7.08560E-04
724,7.03376E-04
724,6.98231E-04
724,6.93127E-04
724,6.88062E-04
724,6.83037E-04
724,6.78051E-04
725,6.73105E-04
725,6.68197E-04
725,6.63328E-04
725,6.58498E-04
725,6.53705E-04
725,6.48950E-04
725,6.44233E-04
725,6.39553E-04
725,6.34910E-04
726,6.30304E-04
726,6.25733E-04
726,6.21198E-04
726,6.16699E-04
726,6.12234E-04
726,6.07805E-04
726,6.03409E-04
726,5.99048E-04
726,5.94720E-04
726,5.90426E-04
726,5.86165E-04
727,5.81936E-04
727,5.77740E-04
727,5.73576E-04
727,5.69444E-04
727,5.65344E-04
727,5.61274E-04
727,5.57235E-04
727,5.53227E-04
727,5.49250E-04
728,5.45302E-04
728,5.41384E-04
728,5.37496E-04
728,5.33637E-04
728,5.29806E-04
728,5.26005E-04
728,5.22231E-04
728,5.18486E-04
728,5.14769E-04
728,5.11079E-04
728,5.07417E-04
729,5.03781E-04
729,5.00173E-04
729,4.96591E-04
729,4.93036E-04
729,4.89506E-04
729,4.86003E-04
729,4.82525E-04
729,4.79072E-04
729,4.75645E-04
730,4.72243E-04
730,4.68865E-04
730,4.65512E-04
730,4.62183E-04
730,4.58878E-04
730,4.55597E-04
730,4.52340E-04
730,4.49106E-04
730,4.45895E-04
730,4.42707E-04
730,4.39543E-04
731,4.36401E-04
731,4.33281E-04
731,4.30184E-04
731,4.27108E-04
731,4.24055E-04
731,4.21023E-04
731,4.18013E-04
731,4.15024E-04
731,4.12057E-04
732,4.09110E-04
732,4.06184E-04
732,4.03279E-04
732,4.00394E-04
732,3.97530E-04
732,3.94686E-04
732,3.91862E-04
732,3.89058E-04
732,3.86273E-04
732,3.83508E-04
732,3.80762E-04
733,3.78035E-04
733,3.75328E-04
733,3.72639E-04
733,3.69969E-04
733,3.67318E-04
733,3.64685E-04
733,3.62070E-04
733,3.59474E-04
733,3.56895E-04
734,3.54335E-04
734,3.51792E-04
734,3.49266E-04
734,3.46758E-04
734,3.44268E-04
734,3.41794E-04
734,3.39338E-04
734,3.36898E-04
734,3.34475E-04
734,3.32069E-04
734,3.29679E-04
735,3.27306E-04
735,3.24949E-04
735,3.22608E-04
735,3.20283E-04
735,3.17974E-04
735,3.15680E-04
735,3.13403E-04
735,3.11141E-04
735,3.08895E-04
736,3.06664E-04
736,3.04449E-04
736,3.02249E-04
736,3.00066E-04
736,2.97897E-04
736,2.95744E-04
736,2.93607E-04
736,2.91484E-04
736,2.89378E-04
736,2.87286E-04
736,2.85210E-04
737,2.83149E-04
737,2.81103E-04
737,2.79072E-04
737,2.77056E-04
737,2.75056E-04
737,2.73070E-04
737,2.71099E-04
737,2.69143E-04
737,2.67202E-04
738,2.65276E-04
738,2.63364E-04
738,2.61467E-04
738,2.59585E-04
738,2.57717E-04
738,2.55864E-04
738,2.54025E-04
738,2.52201E-04
738,2.50390E-04
738,2.48594E-04
738,2.46813E-04
739,2.45045E-04
739,2.43291E-04
739,2.41552E-04
739,2.39826E-04
739,2.38114E-04
739,2.36416E-04
739,2.34732E-04
739,2.33061E-04
739,2.31404E-04
740,2.29761E-04
740,2.28131E-04
740,2.26514E-04
740,2.24911E-04
740,2.23321E-04
740,2.21745E-04
740,2.20181E-04
740,2.18630E-04
740,2.17092E-04
740,2.15567E-04
740,2.14054E-04
741,2.12554E-04
741,2.11065E-04
741,2.09589E-04
741,2.08124E-04
741,2.06671E-04
741,2.05229E-04
741,2.03799E-04
741,2.02380E-04
741,2.00972E-04
742,1.99575E-04
742,1.98188E-04
742,1.96813E-04
742,1.95447E-04
742,1.94092E-04
742,1.92747E-04
742,1.91413E-04
742,1.90088E-04
742,1.88773E-04
742,1.87467E-04
742,1.86171E-04
743,1.84885E-04
743,1.83608E-04
743,1.82340E-04
743,1.81081E-04
743,1.79831E-04
743,1.78590E-04
743,1.77358E-04
743,1.76135E-04
743,1.74920E-04
744,1.73713E-04
744,1.72515E-04
744,1.71324E-04
744,1.70142E-04
744,1.68968E-04
744,1.67802E-04
744,1.66644E-04
744,1.65493E-04
744,1.64351E-04
744,1.63215E-04
744,1.62087E-04
745,1.60967E-04
745,1.59854E-04
745,1.58747E-04
745,1.57649E-04
745,1.56557E-04
745,1.55472E-04
745,1.54394E-04
745,1.53322E-04
745,1.52258E-04
746,1.51201E-04
746,1.50150E-04
746,1.49107E-04
746,1.48070E-04
746,1.47040E-04
746,1.46017E-04
746,1.45000E-04
746,1.43991E-04
746,1.42988E-04
746,1.41991E-04
746,1.41002E-04
747,1.40019E-04
747,1.39043E-04
747,1.38073E-04
747,1.37110E-04
747,1.36153E-04
747,1.35204E-04
747,1.34260E-04
747,1.33323E-04
747,1.32393E-04
748,1.31469E-04
748,1.30551E-04
748,1.29640E-04
748,1.28736E-04
748,1.27837E-04
748,1.26945E-04
748,1.26059E-04
748,1.25180E-04
748,1.24307E-04
748,1.23440E-04
748,1.22579E-04
749,1.21724E-04
749,1.20876E-04
749,1.20034E-04
749,1.19197E-04
749,1.18367E-04
749,1.17543E-04
749,1.16725E-04
749,1.15913E-04
749,1.15106E-04
750,1.14306E-04
750,1.13512E-04
750,1.12723E-04
750,1.11941E-04
750,1.11164E-04
750,1.10393E-04
750,1.09627E-04
750,1.08868E-04
750,1.08114E-04
750,1.07366E-04
750,1.06623E-04
751,1.05886E-04
751,1.05154E-04
751,1.04427E-04
751,1.03706E-04
751,1.02991E-04
751,1.02280E-04
751,1.01575E-04
751,1.00875E-04
751,1.00181E-04
752,9.94911E-05
752,9.88066E-05
752,9.81271E-05
752,9.74526E-05
752,9.67830E-05
752,9.61184E-05
752,9.54586E-05
752,9.48036E-05
752,9.41535E-05
752,9.35081E-05
752,9.28674E-05
753,9.22313E-05
753,9.16000E-05
753,9.09732E-05
753,9.03509E-05
753,8.97332E-05
753,8.91200E-05
753,8.85112E-05
753,8.79069E-05
753,8.73069E-05
754,8.67112E-05
754,8.61199E-05
754,8.55328E-05
754,8.49500E-05
754,8.43714E-05
754,8.37969E-05
754,8.32266E-05
754,8.26604E-05
754,8.20982E-05
754,8.15401E-05
754,8.09860E-05
755,8.04359E-05
755,7.98897E-05
755,7.93474E-05
755,7.88090E-05
755,7.82744E-05
755,7.77437E-05
755,7.72167E-05
755,7.66935E-05
755,7.61740E-05
756,7.56581E-05
756,7.51460E-05
756,7.46374E-05
756,7.41324E-05
756,7.36310E-05
756,7.31331E-05
756,7.26387E-05
756,7.21478E-05
756,7.16603E-05
756,7.11762E-05
756,7.06955E-05
757,7.02181E-05
757,6.97440E-05
757,6.92732E-05
757,6.88057E-05
757,6.83414E-05
757,6.78803E-05
757,6.74224E-05
757,6.69677E-05
757,6.65160E-05
758,6.60675E-05
758,6.56220E-05
758,6.51796E-05
758,6.47402E-05
758,6.43038E-05
758,6.38704E-05
758,6.34399E-05
758,6.30123E-05
758,6.25876E-05
758,6.21658E-05
758,6.17468E-05
759,6.13307E-05
759,6.09173E-05
759,6.05068E-05
759,6.00990E-05
759,5.96939E-05
759,5.92915E-05
759,5.88918E-05
759,5.84948E-05
759,5.81005E-05
760,5.77087E-05
760,5.73196E-05
760,5.69330E-05
760,5.65490E-05
760,5.61676E-05
760,5.57886E-05
760,5.54122E-05
760,5.50382E-05
760,5.46668E-05
760,5.42978E-05
760,5.39312E-05
761,5.35671E-05
761,5.32055E-05
761,5.28463E-05
761,5.24895E-05
761,5.21351E-05
761,5.17831E-05
761,5.14335E-05
761,5.10863E-05
761,5.07415E-05
762,5.03990E-05
762,5.00589E-05
762,4.97212E-05
762,4.93857E-05
762,4.90526E-05
762,4.87218E-05
762,4.83933E-05
762,4.80671E-05
762,4.77431E-05
762,4.74214E-05
762,4.71020E-05
763,4.67849E-05
763,4.64699E-05
763,4.61572E-05
763,4.58467E-05
763,4.55385E-05
763,4.52324E-05
763,4.49284E-05
763,4.46267E-05
763,4.43271E-05
764,4.40297E-05
764,4.37344E-05
764,4.34413E-05
764,4.31502E-05
764,4.28613E-05
764,4.25744E-05
764,4.22897E-05
764,4.20070E-05
764,4.17264E-05
764,4.14478E-05
764,4.11713E-05
765,4.08968E-05
765,4.06243E-05
765,4.03538E-05
765,4.00853E-05
765,3.98188E-05
765,3.95543E-05
765,3.92918E-05
765,3.90311E-05
765,3.87724E-05
766,3.85155E-05
766,3.82605E-05
766,3.80074E-05
766,3.77561E-05
766,3.75065E-05
766,3.72588E-05
766,3.70128E-05
766,3.67685E-05
766,3.65260E-05
766,3.62851E-05
766,3.60460E-05
767,3.58085E-05
767,3.55726E-05
767,3.53384E-05
767,3.51057E-05
767,3.48747E-05
767,3.46452E-05
767,3.44173E-05
767,3.41909E-05
767,3.39660E-05
768,3.37426E-05
768,3.35207E-05
768,3.33003E-05
768,3.30813E-05
768,3.28638E-05
768,3.26477E-05
768,3.24329E-05
768,3.22196E-05
768,3.20077E-05
768,3.17971E-05
768,3.15879E-05
769,3.13800E-05
769,3.11734E-05
769,3.09681E-05
769,3.07641E-05
769,3.05614E-05
769,3.03600E-05
769,3.01598E-05
769,2.99608E-05
769,2.97631E-05
770,2.95666E-05
770,2.93712E-05
770,2.91771E-05
770,2.89842E-05
770,2.87924E-05
770,2.86018E-05
770,2.84123E-05
770,2.82239E-05
770,2.80367E-05
770,2.78507E-05
770,2.76658E-05
771,2.74820E-05
771,2.72994E-05
771,2.71179E-05
771,2.69376E-05
771,2.67584E-05
771,2.65804E-05
771,2.64035E-05
771,2.62277E-05
771,2.60531E-05
772,2.58797E-05
772,2.57073E-05
772,2.55362E-05
772,2.53661E-05
772,2.51972E-05
772,2.50294E-05
772,2.48628E-05
772,2.46973E-05
772,2.45329E-05
772,2.43697E-05
772,2.42075E-05
773,2.40465E-05
773,2.38867E-05
773,2.37279E-05
773,2.35703E-05
773,2.34137E-05
773,2.32583E-05
773,2.31040E-05
773,2.29508E-05
773,2.27987E-05
774,2.26477E-05
774,2.24978E-05
774,2.23490E-05
774,2.22013E-05
774,2.20547E-05
774,2.19091E-05
774,2.17647E-05
774,2.16213E-05
774,2.14790E-05
774,2.13377E-05
774,2.11976E-05
775,2.10585E-05
775,2.09204E-05
775,2.07834E-05
775,2.06475E-05
775,2.05126E-05
775,2.03787E-05
775,2.02459E-05
775,2.01141E-05
775,1.99833E-05
776,1.98535E-05
776,1.97247E-05
776,1.95969E-05
776,1.94700E-05
776,1.93440E-05
776,1.92190E-05
776,1.90949E-05
776,1.89718E-05
776,1.88495E-05
776,1.87281E-05
776,1.86076E-05
777,1.84880E-05
777,1.83692E-05
777,1.82513E-05
777,1.81342E-05
777,1.80180E-05
777,1.79025E-05
777,1.77879E-05
777,1.76741E-05
777,1.75611E-05
778,1.74488E-05
778,1.73373E-05
778,1.72266E-05
778,1.71167E-05
778,1.70075E-05
778,1.68990E-05
778,1.67913E-05
778,1.66842E-05
778,1.65779E-05
778,1.64723E-05
778,1.63674E-05
779,1.62632E-05
779,1.61597E-05
779,1.60568E-05
779,1.59546E-05
779,1.58531E-05
779,1.57522E-05
779,1.56520E-05
779,1.55524E-05
779,1.54534E-05
780,1.53550E-05
780,1.52573E-05
780,1.51602E-05
780,1.50637E-05
780,1.49678E-05
780,1.48724E-05
780,1.47777E-05
780,1.46835E-05
780,1.45899E-05
780,1.44969E-05
780,1.44045E-05
781,1.43126E-05
781,1.42213E-05
781,1.41306E-05
781,1.40405E-05
781,1.39509E-05
781,1.38618E-05
781,1.37733E-05
781,1.36854E-05
781,1.35980E-05
782,1.35112E-05
782,1.34249E-05
782,1.33392E-05
782,1.32540E-05
782,1.31694E-05
782,1.30853E-05
782,1.30017E-05
782,1.29187E-05
782,1.28362E-05
782,1.27542E-05
782,1.26727E-05
783,1.25918E-05
783,1.25114E-05
783,1.24315E-05
783,1.23521E-05
783,1.22733E-05
783,1.21949E-05
783,1.21171E-05
783,1.20397E-05
783,1.19629E-05
784,1.18866E-05
784,1.18107E-05
784,1.17354E-05
784,1.16606E-05
784,1.15862E-05
784,1.15123E-05
784,1.14390E-05
784,1.13661E-05
784,1.12936E-05
784,1.12217E-05
784,1.11502E-05
785,1.10793E-05
785,1.10087E-05
785,1.09387E-05
785,1.08691E-05
785,1.08000E-05
785,1.07314E-05
785,1.06632E-05
785,1.05954E-05
785,1.05281E-05
786,1.04613E-05
786,1.03949E-05
786,1.03289E-05
786,1.02634E-05
786,1.01983E-05
786,1.01336E-05
786,1.00694E-05
786,1.00056E-05
786,9.94220E-06
786,9.87922E-06
786,9.81666E-06
787,9.75450E-06
787,9.69275E-06
787,9.63141E-06
787,9.57047E-06
787,9.50992E-06
787,9.44977E-06
787,9.39000E-06
787,9.33063E-06
787,9.27164E-06
788,9.21303E-06
788,9.15481E-06
788,9.09696E-06
788,9.03948E-06
788,8.98237E-06
788,8.92563E-06
788,8.86926E-06
788,8.81324E-06
788,8.75759E-06
788,8.70229E-06
788,8.64735E-06
789,8.59276E-06
789,8.53852E-06
789,8.48462E-06
789,8.43106E-06
789,8.37785E-06
789,8.32498E-06
789,8.27244E-06
789,8.22023E-06
789,8.16836E-06
790,8.11681E-06
790,8.06559E-06
790,8.01469E-06
790,7.96412E-06
790,7.91386E-06
790,7.86392E-06
790,7.81429E-06
790,7.76498E-06
790,7.71598E-06
790,7.66728E-06
790,7.61890E-06
791,7.57082E-06
791,7.52304E-06
791,7.47557E-06
791,7.42841E-06
791,7.38154E-06
791,7.33497E-06
791,7.28870E-06
791,7.24273E-06
791,7.19705E-06
792,7.15167E-06
792,7.10657E-06
792,7.06177E-06
792,7.01726E-06
792,6.97303E-06
792,6.92910E-06
792,6.88544E-06
792,6.84207E-06
792,6.79898E-06
792,6.75618E-06
792,6.71365E-06
793,6.67139E-06
793,6.62942E-06
793,6.58772E-06
793,6.54629E-06
793,6.50514E-06
793,6.46425E-06
793,6.42364E-06
793,6.38329E-06
793,6.34320E-06
794,6.30339E-06
794,6.26383E-06
794,6.22454E-06
794,6.18551E-06
794,6.14674E-06
794,6.10822E-06
794,6.06996E-06
794,6.03196E-06
794,5.99421E-06
794,5.95671E-06
794,5.91946E-06
795,5.88246E-06
795,5.84571E-06
795,5.80921E-06
795,5.77295E-06
795,5.73694E-06
795,5.70116E-06
795,5.66563E-06
795,5.63034E-06
795,5.59528E-06
796,5.56046E-06
796,5.52587E-06
796,5.49152E-06
796,5.45740E-06
796,5.42350E-06
796,5.38983E-06
796,5.35639E-06
796,5.32317E-06
796,5.29017E-06
796,5.25739E-06
796,5.22483E-06
797,5.19249E-06
797,5.16037E-06
797,5.12846E-06
797,5.09676E-06
797,5.06527E-06
797,5.03399E-06
797,5.00292E-06
797,4.97206E-06
797,4.94140E-06
798,4.91094E-06
798,4.88069E-06
798,4.85064E-06
798,4.82078E-06
798,4.79113E-06
798,4.76167E-06
798,4.73240E-06
798,4.70333E-06
798,4.67445E-06
798,4.64576E-06
798,4.61726E-06
799,4.58895E-06
799,4.56083E-06
799,4.53289E-06
799,4.50513E-06
799,4.47756E-06
799,4.45017E-06
799,4.42296E-06
799,4.39593E-06
799,4.36907E-06
800,4.34239E-06
800,4.31589E-06
800,4.28956E-06
800,4.26340E-06
800,4.23741E-06
800,4.21160E-06
800,4.18595E-06
800,4.16047E-06
800,4.13515E-06
800,4.11000E-06
800,4.08502E-06
801,4.06019E-06
801,4.03552E-06
801,4.01101E-06
801,3.98666E-06
801,3.96246E-06
801,3.93841E-06
801,3.91452E-06
801,3.89078E-06
801,3.86718E-06
802,3.84374E-06
802,3.82044E-06
802,3.79728E-06
802,3.77427E-06
802,3.75140E-06
802,3.72867E-06
802,3.70609E-06
802,3.68364E-06
802,3.66133E-06
802,3.63915E-06
802,3.61711E-06
803,3.59520E-06
803,3.57343E-06
803,3.55178E-06
803,3.53027E-06
803,3.50888E-06
803,3.48762E-06
803,3.46649E-06
803,3.44549E-06
803,3.42461E-06
804,3.40385E-06
804,3.38321E-06
804,3.36270E-06
804,3.34230E-06
804,3.32203E-06
804,3.30187E-06
804,3.28183E-06
804,3.26190E-06
804,3.24209E-06
804,3.22240E-06
804,3.20281E-06
805,3.18334E-06
805,3.16398E-06
805,3.14473E-06
805,3.12559E-06
805,3.10656E-06
805,3.08764E-06
805,3.06882E-06
805,3.05011E-06
805,3.03151E-06
806,3.01301E-06
806,2.99462E-06
806,2.97634E-06
806,2.95816E-06
806,2.94009E-06
806,2.92212E-06
806,2.90426E-06
806,2.88650E-06
806,2.86885E-06
806,2.85130E-06
806,2.83386E-06
807,2.81652E-06
807,2.79929E-06
807,2.78216E-06
807,2.76513E-06
807,2.74821E-06
807,2.73139E-06
807,2.71467E-06
807,2.69805E-06
807,2.68153E-06
808,2.66512E-06
808,2.64881E-06
808,2.63259E-06
808,2.61648E-06
808,2.60047E-06
808,2.58456E-06
808,2.56875E-06
808,2.55304E-06
808,2.53742E-06
808,2.52191E-06
808,2.50649E-06
809,2.49117E-06
809,2.47595E-06
809,2.46083E-06
809,2.44580E-06
809,2.43087E-06
809,2.41603E-06
809,2.40129E-06
809,2.38665E-06
809,2.37210E-06
810,2.35765E-06
810,2.34329E-06
810,2.32902E-06
810,2.31485E-06
810,2.30077E-06
810,2.28679E-06
810,2.27289E-06
810,2.25909E-06
810,2.24538E-06
810,2.23176E-06
810,2.21823E-06
811,2.20479E-06
811,2.19144E-06
811,2.17817E-06
811,2.16500E-06
811,2.15191E-06
811,2.13890E-06
811,2.12598E-06
811,2.11315E-06
811,2.10040E-06
812,2.08774E-06
812,2.07516E-06
812,2.06266E-06
812,2.05024E-06
812,2.03791E-06
812,2.02566E-06
812,2.01348E-06
812,2.00139E-06
812,1.98938E-06
812,1.97744E-06
812,1.96559E-06
813,1.95381E-06
813,1.94211E-06
813,1.93048E-06
813,1.91894E-06
813,1.90746E-06
813,1.89607E-06
813,1.88474E-06
813,1.87350E-06
813,1.86232E-06
814,1.85122E-06
814,1.84019E-06
814,1.82924E-06
814,1.81835E-06
814,1.80754E-06
814,1.79679E-06
814,1.78612E-06
814,1.77552E-06
814,1.76498E-06
814,1.75452E-06
814,1.74412E-06
815,1.73379E-06
815,1.72353E-06
815,1.71334E-06
815,1.70321E-06
815,1.69315E-06
815,1.68315E-06
815,1.67322E-06
815,1.66335E-06
815,1.65355E-06
816,1.64381E-06
816,1.63413E-06
816,1.62451E-06
816,1.61496E-06
816,1.60547E-06
816,1.59603E-06
816,1.58666E-06
816,1.57734E-06
816,1.56809E-06
816,1.55889E-06
816,1.54975E-06
817,1.54067E-06
817,1.53165E-06
817,1.52268E-06
817,1.51376E-06
817,1.50490E-06
817,1.49610E-06
817,1.48735E-06
817,1.47865E-06
817,1.47001E-06
818,1.46142E-06
818,1.45288E-06
818,1.44440E-06
818,1.43596E-06
818,1.42758E-06
818,1.41925E-06
818,1.41096E-06
818,1.40273E-06
818,1.39455E-06
818,1.38641E-06
818,1.37832E-06
819,1.37028E-06
819,1.36229E-06
819,1.35435E-06
819,1.34645E-06
819,1.33860E-06
819,1.33079E-06
819,1.32304E-06
819,1.31532E-06
819,1.30765E-06
820,1.30003E-06
820,1.29245E-06
820,1.28491E-06
820,1.27741E-06
820,1.26996E-06
820,1.26256E-06
820,1.25519E-06
820,1.24787E-06
820,1.24058E-06
820,1.23334E-06
820,1.22615E-06
821,1.21899E-06
821,1.21187E-06
821,1.20480E-06
821,1.19776E-06
821,1.19077E-06
821,1.18382E-06
821,1.17691E-06
821,1.17003E-06
821,1.16320E-06
822,1.15641E-06
822,1.14965E-06
822,1.14294E-06
822,1.13626E-06
822,1.12963E-06
822,1.12303E-06
822,1.11647E-06
822,1.10995E-06
822,1.10347E-06
822,1.09703E-06
822,1.09062E-06
823,1.08425E-06
823,1.07792E-06
823,1.07163E-06
823,1.06537E-06
823,1.05915E-06
823,1.05297E-06
823,1.04682E-06
823,1.04071E-06
823,1.03464E-06
824,1.02860E-06
824,1.02260E-06
824,1.01664E-06
824,1.01071E-06
824,1.00481E-06
824,9.98951E-07
824,9.93126E-07
824,9.87336E-07
824,9.81581E-07
824,9.75861E-07
824,9.70174E-07
825,9.64522E-07
825,9.58904E-07
825,9.53320E-07
825,9.47769E-07
825,9.42251E-07
825,9.36767E-07
825,9.31316E-07
825,9.25898E-07
825,9.20513E-07
826,9.15161E-07
826,9.09840E-07
826,9.04552E-07
826,8.99296E-07
826,8.94073E-07
826,8.88880E-07
826,8.83720E-07
826,8.78591E-07
826,8.73493E-07
826,8.68426E-07
826,8.63390E-07
827,8.58385E-07
827,8.53410E-07
827,8.48466E-07
827,8.43553E-07
827,8.38669E-07
827,8.33815E-07
827,8.28991E-07
827,8.24197E-07
827,8.19432E-07
828,8.14697E-07
828,8.09991E-07
828,8.05313E-07
828,8.00665E-07
828,7.96045E-07
828,7.91454E-07
828,7.86891E-07
828,7.82356E-07
828,7.77850E-07
828,7.73371E-07
828,7.68920E-07
829,7.64497E-07
829,7.60101E-07
829,7.55733E-07
829,7.51391E-07
829,7.47077E-07
829,7.42789E-07
829,7.38529E-07
829,7.34294E-07
829,7.30087E-07
830,7.25905E-07
830,7.21750E-07
830,7.17620E-07
830,7.13516E-07
830,7.09438E-07
830,7.05386E-07
